"Time (s)","Linear Acceleration x (m/s^2)","Linear Acceleration y (m/s^2)","Linear Acceleration z (m/s^2)","Absolute acceleration (m/s^2)"
2.616041573E-3,8.395771372E-1,-1.725604556E0,-2.682743472E0,3.298441054E0
1.256304164E-2,2.537321757E-1,-1.192443153E0,-2.605236874E0,2.876379645E0
2.250904159E-2,1.241374116E-1,-9.239887118E-1,-2.181741609E0,2.372585444E0
3.245504166E-2,3.055157022E-1,-7.629429442E-1,-1.658247847E0,1.850731667E0
4.240204161E-2,7.637000124E-1,-6.167607987E-1,-1.296699885E0,1.626364715E0
5.234804167E-2,1.155017611E0,-4.400275362E-1,-1.041130661E0,1.616057848E0
6.229404162E-2,1.317076263E0,-2.448176569E-1,-6.028315616E-1,1.469023981E0
7.224104158E-2,1.470667123E0,-6.258041024E-2,-1.426545203E-1,1.478894319E0
8.218704164E-2,1.787563699E0,2.193974715E-1,1.648777404E-1,1.808508750E0
9.213304159E-2,1.814341754E0,4.454040509E-1,2.175351334E-1,1.880835533E0
1.020790417E-1,1.476433500E0,6.171519774E-1,-3.468509853E-2,1.600604730E0
1.120260416E-1,1.110731823E0,6.084501511E-1,-7.537916131E-1,1.473817684E0
1.219720417E-1,8.275678334E-1,1.464990646E-1,-1.287070106E0,1.537166208E0
1.319180416E-1,6.730586681E-1,-2.774597383E-1,-1.847776864E0,1.986018937E0
1.418650416E-1,4.972391792E-1,-5.860985845E-1,-2.366624283E0,2.488306421E0
1.518110416E-1,1.641140941E-1,-8.329376239E-1,-2.631920058E0,2.765451448E0
1.617570416E-1,4.839097202E-2,-9.832870799E-1,-3.005002822E0,3.162157037E0
1.717040417E-1,-5.071845621E-2,-1.182619246E0,-3.210899073E0,3.422138732E0
1.816500416E-1,-1.986231914E-1,-1.129948697E0,-3.131803787E0,3.335330597E0
1.915960417E-1,-2.893515131E-1,-9.311433649E-1,-2.760523134E0,2.927668055E0
2.015430416E-1,-3.676898772E-1,-6.659300351E-1,-2.387903031E0,2.506140368E0
2.114890416E-1,-4.717499967E-1,-3.383579046E-1,-1.955365047E0,2.039727090E0
2.214350416E-1,-4.641000845E-1,-1.683109331E-1,-1.562137017E0,1.638288595E0
2.313810416E-1,-2.443386237E-1,6.349842310E-2,-1.307770711E0,1.331915030E0
2.413280417E-1,6.225208908E-2,3.611649692E-1,-9.699349630E-1,1.036865126E0
2.512740416E-1,3.281650382E-1,5.995366555E-1,-5.837569208E-1,8.988373803E-1
2.612200417E-1,5.290734677E-1,7.073242289E-1,-3.732459015E-1,9.589258584E-1
2.711670416E-1,6.039016020E-1,8.493840873E-1,-2.617880309E-1,1.074561979E0
2.811130416E-1,6.236270379E-1,1.017989720E0,-3.067117502E-1,1.232593141E0
2.910590416E-1,6.809173259E-1,1.133085728E0,-4.704887523E-1,1.403171885E0
3.010060416E-1,6.865948261E-1,1.157528259E0,-6.871507502E-1,1.511112266E0
3.109520416E-1,5.503747281E-1,1.070718741E0,-7.862511152E-1,1.437894913E0
3.208980416E-1,2.570310286E-1,8.766584247E-1,-6.744722325E-1,1.135564941E0
3.308440417E-1,-1.075656715E-1,6.747306794E-1,-4.416888763E-1,8.135852302E-1
3.407910416E-1,-5.708614714E-1,4.589935648E-1,-1.836288840E-1,7.551671862E-1
3.507370417E-1,-1.096379393E0,4.111732811E-1,1.471046899E-1,1.180148733E0
3.606830416E-1,-1.517318840E0,4.460150850E-1,5.118290055E-1,1.662274000E0
3.706300416E-1,-1.628621175E0,4.999451244E-1,7.420467496E-1,1.858221041E0
3.805760416E-1,-1.546215780E0,5.781019324E-1,7.216820669E-1,1.801613191E0
3.905220416E-1,-1.222457642E0,5.102701378E-1,5.912550978E-1,1.450641545E0
4.004690417E-1,-4.871078548E-1,2.418811852E-1,5.104668966E-1,7.458934391E-1
4.104150416E-1,5.456992945E-1,-4.110042965E-1,4.361625266E-1,8.105245224E-1
4.203610417E-1,1.737284369E0,-1.484722075E0,2.732959360E-1,2.301574958E0
4.303080416E-1,2.743565624E0,-2.813093112E0,2.366894424E-2,3.929529922E0
4.402540416E-1,3.462990374E0,-3.845054169E0,-1.899561560E-1,5.178110392E0
4.502000416E-1,3.733424975E0,-3.530304397E0,-2.015587860E-1,5.142191860E0
4.601460416E-1,2.850964943E0,-1.045095073E0,-1.877741213E-1,3.042282685E0
4.700930417E-1,1.735504915E0,9.924601918E-1,-4.536364920E-1,2.050058684E0
4.800390416E-1,1.137885415E0,1.588027757E0,-9.206177920E-1,2.159664904E0
4.899850417E-1,9.754083954E-1,1.858787756E0,-1.489078104E0,2.573687444E0
4.999320416E-1,9.259041135E-1,2.262249144E0,-2.168219339E0,3.267452328E0
5.098780416E-1,5.506701587E-1,2.673755132E0,-2.689920929E0,3.832476841E0
5.198240416E-1,6.405595511E-2,2.695468767E0,-2.756956918E0,3.856224382E0
5.297710416E-1,-9.099597797E-2,2.142387071E0,-2.178776779E0,3.056987223E0
5.397170417E-1,9.089569822E-2,1.301170374E0,-1.328655942E0,1.861889627E0
5.496630416E-1,5.620538105E-1,6.365723348E-1,-6.146471764E-1,1.048293840E0
5.596100417E-1,8.361743501E-1,-3.656135309E-1,-7.156933486E-2,9.154140961E-1
5.695560416E-1,1.128059023E0,-1.861143599E0,3.773733048E-1,2.208796792E0
5.795020416E-1,1.716079734E0,-3.161405901E0,6.525901973E-1,3.655857066E0
5.894480416E-1,2.232365048E0,-3.901444132E0,6.391456944E-1,4.540179208E0
5.993950416E-1,2.224005138E0,-3.326704933E0,2.948717232E-1,4.012494723E0
6.093410417E-1,1.717912543E0,-1.520588896E0,-2.629500188E-1,2.309232948E0
6.192870416E-1,1.449806157E0,-2.181824201E-1,-8.260281153E-1,1.682814283E0
6.292340417E-1,1.412489666E0,2.200506055E-1,-1.231619060E0,1.886911453E0
6.391800416E-1,1.335116969E0,3.271002603E-1,-1.404598410E0,1.965306234E0
6.491260416E-1,1.018097017E0,4.351345861E-1,-1.238970325E0,1.661598962E0
6.590730416E-1,4.284253447E-1,4.995235401E-1,-7.994361480E-1,1.035456517E0
6.690190416E-1,-3.182246254E-1,5.139427739E-1,-1.839284076E-1,6.318494649E-1
6.789650416E-1,-1.149467726E0,5.394120759E-1,5.472520226E-1,1.382651879E0
6.889126666E-1,-1.820980098E0,6.901801926E-1,1.413166189E0,2.406108038E0
6.988586666E-1,-2.309929095E0,8.290539032E-1,2.174088335E0,3.278683102E0
7.088046666E-1,-2.638299370E0,9.609360981E-1,2.850123528E0,4.000903133E0
7.187506666E-1,-2.787161880E0,8.875950569E-1,3.342696483E0,4.441814506E0
7.286976667E-1,-2.816245345E0,5.395272660E-1,3.544226618E0,4.558932971E0
7.386436666E-1,-2.689288260E0,6.022456706E-2,3.290773793E0,4.250304754E0
7.485896667E-1,-2.351349309E0,-2.441797256E-1,2.556518458E0,3.481989939E0
7.585366666E-1,-1.755255640E0,-3.484355807E-1,1.545553583E0,2.364543422E0
7.684826666E-1,-1.175910297E0,-4.431212980E-1,2.979669468E-1,1.291474279E0
7.784286666E-1,-8.146095264E-1,-6.388954335E-1,-7.893437076E-1,1.301860032E0
7.883756666E-1,-5.522452524E-1,-7.449352741E-1,-1.335066683E0,1.625517281E0
7.983216667E-1,-5.861592494E-1,-7.952850634E-1,-1.194545373E0,1.550161168E0
8.082676666E-1,-8.424884659E-1,-8.607095593E-1,-6.198447664E-1,1.354553541E0
8.182136667E-1,-1.085037988E0,-7.884362197E-1,-5.166745931E-3,1.341255309E0
8.281606666E-1,-1.274142351E0,-6.151019436E-1,4.089659572E-1,1.472766881E0
8.381066666E-1,-1.373775689E0,-4.555092090E-1,6.898913401E-1,1.603339747E0
8.480526666E-1,-1.425301792E0,-3.583489501E-1,8.158561528E-1,1.680928443E0
8.579996666E-1,-1.437085101E0,-3.072372687E-1,8.314337200E-1,1.688457982E0
8.679456667E-1,-1.419762579E0,-3.326568693E-1,7.263398127E-1,1.629096650E0
8.778916666E-1,-1.365426743E0,-2.397001737E-1,5.463771330E-1,1.490092056E0
8.878386667E-1,-1.237641546E0,3.942192793E-3,3.913120437E-1,1.298035921E0
8.977846666E-1,-1.009852735E0,3.469223213E-1,2.292611396E-1,1.092116438E0
9.077306666E-1,-7.331567160E-1,7.424227256E-1,6.919996999E-2,1.045704982E0
9.176776666E-1,-4.784750256E-1,1.098495355E0,-7.717506051E-2,1.200660812E0
9.276236666E-1,-3.088113391E-1,1.221200929E0,-1.587690081E-1,1.269607715E0
9.375696667E-1,-3.471613263E-1,1.184934744E0,-1.821407676E-1,1.248105201E0
9.475156666E-1,-5.921418281E-1,1.190452176E0,-1.890344886E-1,1.342960300E0
9.574626667E-1,-1.064454546E0,1.290965813E0,-2.824025358E-1,1.696881671E0
9.674086666E-1,-1.582854726E0,1.104578798E0,-3.074927920E-1,1.954501272E0
9.773546666E-1,-2.158389584E0,8.910186017E-1,-2.703891389E-1,2.350674378E0
9.873016666E-1,-2.696992259E0,8.542524791E-1,-3.314508811E-2,2.829242503E0
9.972476666E-1,-2.903425577E0,1.217538233E0,2.037514919E-1,3.154963407E0
1.007193667E0,-2.630856742E0,1.909691277E0,3.180253816E-1,3.266415177E0
1.017140667E0,-2.056181570E0,2.571509550E0,5.251618266E-1,3.334117418E0
1.027086667E0,-1.387349854E0,3.425747995E0,1.233367816E0,3.896368196E0
1.037032667E0,-4.158782431E-1,4.026464034E0,2.137763093E0,4.577706672E0
1.046979667E0,7.792430811E-1,4.000649747E0,2.142498460E0,4.604640901E0
1.056925667E0,1.140860040E0,3.987390600E0,1.628405413E0,4.455620004E0
1.066871667E0,8.235285768E-1,3.915093872E0,1.203027783E0,4.177730866E0
1.076817667E0,6.053688146E-1,2.953115800E0,2.877733496E-1,3.028230148E0
1.086764667E0,9.043093228E-1,2.119924407E0,-9.213364148E-1,2.482078893E0
1.096710667E0,1.409778897E0,1.546714255E0,-1.575888938E0,2.619776225E0
1.106656667E0,1.626961735E0,1.633885131E0,-8.429784626E-1,2.455035193E0
1.116603667E0,1.785634995E0,2.166193424E0,-5.180323166E-1,2.854688034E0
1.126549667E0,1.737116554E0,2.599614192E0,-3.303624219E-1,3.143995419E0
1.136495667E0,1.319813490E0,2.771055139E0,-2.570818993E-1,3.080056061E0
1.146442667E0,1.131820098E0,2.899968118E0,-2.488569134E-1,3.122941175E0
1.156388667E0,8.535616305E-1,3.037223904E0,-9.716727555E-2,3.156380519E0
1.166334667E0,5.078283405E-1,3.013894683E0,1.073607266E-1,3.058263741E0
1.176281667E0,1.366276489E-1,2.909329510E0,4.122468299E-1,2.941566379E0
1.186227667E0,2.797476076E-1,2.867537121E0,8.441990688E-1,3.002282454E0
1.196173667E0,3.340219018E-1,3.015692702E0,1.276528746E0,3.291731876E0
1.206119667E0,6.530152899E-1,3.035864426E0,1.596224092E0,3.491537360E0
1.216066667E0,1.102809284E0,2.937333580E0,1.939970498E0,3.688848386E0
1.226012667E0,1.209970621E0,3.054172643E0,2.232550551E0,3.971936732E0
1.235958667E0,1.457172041E0,2.703256674E0,2.043378799E0,3.688677801E0
1.245905667E0,1.654465137E0,2.124153113E0,1.408082912E0,3.038417158E0
1.255851667E0,1.731927735E0,1.499099209E0,8.974984860E-1,2.460157647E0
1.265797667E0,1.818470619E0,1.554137295E-1,6.589630777E-1,1.940417779E0
1.275744667E0,2.059815761E0,-1.185707161E0,5.527408040E-1,2.440136233E0
1.285690667E0,2.000101071E0,-2.065196223E0,5.545929095E-1,2.927970804E0
1.295636667E0,1.783550463E0,-2.415233356E0,6.041273046E-1,3.062576402E0
1.305583667E0,1.803715463E0,-2.097480454E0,5.872691971E-1,2.828020304E0
1.315529667E0,1.333267787E0,-1.664454959E0,6.252456933E-1,2.222373839E0
1.325475667E0,9.951852867E-1,-1.437579483E0,7.234718996E-1,1.892205093E0
1.335421667E0,8.913559860E-1,-1.113273023E0,9.296295208E-1,1.702381674E0
1.345368667E0,1.209569356E0,-1.056718168E0,9.288968647E-1,1.855413889E0
1.355314667E0,1.720308732E0,-1.505875547E0,7.661054108E-1,2.411232216E0
1.365260667E0,2.245444539E0,-2.175275905E0,7.026637056E-1,3.204306902E0
1.375207667E0,2.451436099E0,-2.596934413E0,6.689188394E-1,3.633326259E0
1.385153667E0,2.219082952E0,-2.730883014E0,6.486178914E-1,3.578093955E0
1.395099667E0,1.792799588E0,-2.745343178E0,6.342001194E-1,3.339648083E0
1.405046667E0,1.116978403E0,-2.780960907E0,6.981622267E-1,3.077143938E0
1.414992667E0,5.295668265E-1,-2.828346743E0,7.268410653E-1,2.967875378E0
1.424938667E0,1.316237479E-1,-2.813659707E0,8.359542024E-1,2.938166977E0
1.434884667E0,-7.675727695E-2,-2.914571539E0,1.043652565E0,3.096745003E0
1.444831667E0,9.520494998E-2,-3.289260533E0,1.306957363E0,3.540683040E0
1.454777667E0,4.374997848E-1,-3.722718138E0,1.496580228E0,4.036061047E0
1.464723667E0,8.184327284E-1,-4.315532250E0,1.673265544E0,4.700368955E0
1.474670667E0,1.303670351E0,-5.151720926E0,1.873254937E0,5.634613468E0
1.484616667E0,1.796633315E0,-6.124148557E0,2.128992854E0,6.727978700E0
1.494562667E0,2.211890292E0,-7.074114109E0,2.422504661E0,7.797696962E0
1.504509667E0,2.497849250E0,-8.084040518E0,2.637143376E0,8.862589191E0
1.514455667E0,2.540756704E0,-8.858811795E0,2.741800935E0,9.615168403E0
1.524401667E0,2.557192350E0,-9.201824083E0,2.735300585E0,9.934519035E0
1.534348667E0,2.599582324E0,-9.274093915E0,2.837659019E0,1.004086425E1
1.544294667E0,2.625474088E0,-9.363582042E0,3.049436399E0,1.019160660E1
1.554240667E0,2.641736071E0,-9.604522995E0,3.415833457E0,1.053060063E1
1.564186667E0,2.512286026E0,-1.016797473E1,3.999622976E0,1.121143502E1
1.574133667E0,2.260417796E0,-1.108650097E1,4.653821157E0,1.223429785E1
1.584079667E0,2.515941997E0,-1.227144975E1,5.210009480E0,1.356696878E1
1.594025667E0,3.819711459E0,-1.336414583E1,6.055417460E0,1.516109066E1
1.603972667E0,5.759188744E0,-1.460297904E1,6.640634869E0,1.704445022E1
1.613918667E0,7.856820642E0,-1.603475750E1,6.510198106E0,1.900594008E1
1.623864667E0,8.943009362E0,-1.726182261E1,5.326300074E0,2.015731650E1
1.633811667E0,8.095554271E0,-1.728550617E1,3.048046808E0,1.932918290E1
1.643757667E0,5.421130217E0,-1.566662265E1,-1.494922543E-1,1.657872330E1
1.653703667E0,2.194242518E0,-1.219986696E1,-2.342848334E0,1.261508591E1
1.663649667E0,-3.289279537E-1,-7.907535882E0,-2.423890743E0,8.277231642E0
1.673596667E0,-2.454940628E0,-4.360430680E0,-1.465542915E0,5.214202263E0
1.683542333E0,-3.776259338E0,-1.260478431E0,-3.740165645E-1,3.998603363E0
1.693488333E0,-4.322359751E0,1.817531556E0,8.381920780E-1,4.763274161E0
1.703435333E0,-4.132267063E0,4.324950945E0,1.640495262E0,6.202584659E0
1.713381333E0,-3.316966980E0,5.739987073E0,1.445411683E0,6.785199811E0
1.723327333E0,-2.249528380E0,6.389153726E0,2.695355185E-1,6.778961031E0
1.733274333E0,-1.602452838E0,7.148239262E0,-4.007646525E-1,7.336606296E0
1.743220333E0,-1.379985579E0,8.867892521E0,-3.920909659E-1,8.983185030E0
1.753166333E0,-1.106977106E0,1.071255516E1,-2.236274204E-1,1.077191931E1
1.763113333E0,-9.699861261E-1,1.241893407E1,-3.460265279E-2,1.245680512E1
1.773059333E0,-4.404251468E-1,1.471733070E1,2.799564993E-1,1.472658049E1
1.783005333E0,2.196561377E-1,1.707323470E1,8.085277643E-1,1.709377983E1
1.792951333E0,7.738610845E-1,1.908187139E1,2.159044619E0,1.921921305E1
1.802898333E0,2.390600790E0,2.039593019E1,2.857337238E0,2.073338652E1
1.812844333E0,2.008906539E0,2.066168381E1,3.331307861E0,2.102471154E1
1.822790333E0,-2.793945819E-1,1.832810448E1,3.323026450E0,1.862900910E1
1.832737333E0,-3.211592553E0,1.507313143E1,9.630457735E-1,1.544153733E1
1.842683333E0,-5.130702524E0,1.352071088E1,-9.110350826E-1,1.449012478E1
1.852629333E0,-5.781553760E0,1.190254307E1,-2.128900029E0,1.340257851E1
1.862576333E0,-5.106412606E0,1.061107439E1,-3.461734099E0,1.227411717E1
1.872522333E0,-2.515778568E0,9.635095747E0,-5.160681199E0,1.121591915E1
1.882468333E0,-1.937053615E0,9.128791190E0,-5.619613368E0,1.089344113E1
1.892415333E0,-2.538145922E0,8.715066184E0,-5.680125618E0,1.070786582E1
1.902361333E0,-2.545487101E0,7.944712479E0,-5.971285383E0,1.025934745E1
1.912307333E0,-1.802901384E0,7.118262926E0,-5.559508669E0,9.210225682E0
1.922253333E0,-6.984639430E-1,6.160791888E0,-3.767695506E0,7.255255887E0
1.932200333E0,-1.673019961E-2,4.759219558E0,-1.570084991E0,5.011548422E0
1.942146333E0,-1.372306430E-1,3.001133720E0,-1.145399380E-1,3.006452270E0
1.952092333E0,-1.647204503E-1,2.014819536E0,1.044308476E0,2.275348497E0
1.962039333E0,6.038390368E-2,1.630422994E0,8.972485176E-1,1.861982884E0
1.971985333E0,-5.893649854E-1,1.421941690E0,-6.091966943E-1,1.655412295E0
1.981931333E0,-1.715098132E0,3.044940475E0,-2.419197768E0,4.250381387E0
1.991878333E0,-1.368769303E0,5.683226396E0,-3.108594141E0,6.620872240E0
2.001824333E0,3.697486818E-2,7.437635506E0,-2.844119022E0,7.962964402E0
2.011770333E0,1.316608778E-1,8.200776671E0,-2.687364526E0,8.630874851E0
2.021716333E0,-3.259429501E-1,8.785535073E0,-2.420249536E0,9.118633294E0
2.031663333E0,-8.789780152E-1,9.598524921E0,-1.653509556E0,9.779487556E0
2.041609333E0,-1.247973722E0,1.041578090E1,-9.043995161E-1,1.052919126E1
2.051555333E0,-1.554275728E0,1.084872512E1,-7.392057337E-1,1.098439961E1
2.061502333E0,-1.539767909E0,1.124983475E1,-5.689362757E-1,1.136896458E1
2.071448333E0,-1.469849828E0,1.204528179E1,-3.663701606E-1,1.214016058E1
2.081394333E0,-1.254217963E0,1.297649999E1,-6.142114127E-1,1.305143174E1
2.091341333E0,-1.203461062E0,1.364555127E1,-8.124963427E-1,1.372259226E1
2.101287333E0,-1.434477828E0,1.430954939E1,-4.266350734E-1,1.438759701E1
2.111233333E0,-1.903756645E0,1.457443177E1,-6.424927868E-1,1.471227881E1
2.121180333E0,-2.363638548E0,1.443671697E1,-1.261068415E0,1.468318350E1
2.131126333E0,-1.986559504E0,1.463873594E1,-1.093418802E0,1.481332418E1
2.141072333E0,-3.902099897E-1,1.411323263E1,-4.584854418E-1,1.412606839E1
2.151019333E0,1.949642231E0,1.150690174E1,1.019021169E0,1.171530182E1
2.160965333E0,5.938490689E0,3.625249146E0,3.862273342E0,7.957716909E0
2.170911333E0,5.258017459E0,-1.093519257E1,1.072935070E1,1.619704142E1
2.180857333E0,7.876430449E-1,-2.579102744E1,9.460321301E0,2.748263374E1
2.190804333E0,-2.714299725E0,-5.179315340E1,1.302265441E1,5.347417778E1
2.200750333E0,-2.330223026E0,-4.970399470E1,1.468462488E1,5.188020081E1
2.210696333E0,-3.985309869E0,-2.690582015E1,9.448866606E0,2.879386971E1
2.220643333E0,-2.401572506E0,-1.316086154E1,-3.629187246E0,1.386170361E1
2.230589333E0,7.710180659E0,-3.153839604E0,-7.946667788E0,1.151273725E1
2.240535333E0,1.538581714E1,-1.098669602E0,-5.508898678E0,1.637920659E1
2.250482333E0,1.829674469E1,-3.391651711E0,-3.587190789E-1,1.861190068E1
2.260428333E0,9.380532535E0,-7.713006034E0,1.122292353E0,1.219608104E1
2.270374333E0,-7.372859466E-1,-1.007246631E1,1.088277930E-1,1.010000057E1
2.280320333E0,-3.951623182E0,-1.216426210E1,-2.918445320E0,1.311876219E1
2.290267333E0,-2.833004635E0,-1.114711321E1,-8.171919492E-1,1.153047487E1
2.300213333E0,-7.147651032E-1,-9.045097069E0,4.381607541E0,1.007586993E1
2.310159333E0,1.383092204E0,-7.788342145E0,5.779887303E0,9.796852283E0
2.320106333E0,3.116695166E0,-5.580487309E0,5.801989194E0,8.632421790E0
2.330052333E0,4.411232167E0,-2.826369799E0,4.912077470E0,7.181632164E0
2.339998333E0,5.022400396E0,-3.867289960E-2,4.594877715E0,6.807268362E0
2.349945333E0,4.277822387E0,1.044858845E0,1.873316625E0,4.785479031E0
2.359891333E0,1.453943209E0,-1.674057841E-2,-1.274034031E0,1.933234030E0
2.369837333E0,-9.597534987E-1,7.170294374E-1,-2.545354954E0,2.813199217E0
2.379783333E0,-1.214179593E0,1.587284576E0,-1.696789769E0,2.621602550E0
2.389730333E0,-1.776404580E-1,8.197708637E-1,1.972414944E-1,8.616754658E-1
2.399676333E0,2.412271741E-1,-2.467273575E-1,1.233606090E0,1.280956253E0
2.409622333E0,6.790561572E-1,-7.155775738E-1,1.385785724E0,1.701049853E0
2.419569333E0,2.484890359E0,-5.006497139E-1,1.512599845E0,2.951827997E0
2.429515333E0,4.361415643E0,-5.440717220E-2,1.548234239E0,4.628383715E0
2.439461333E0,4.595781695E0,1.589887172E-1,1.174539564E0,4.746159498E0
2.449408333E0,3.424568904E0,2.529066950E-1,7.633855784E-1,3.517725333E0
2.459354333E0,1.266412770E0,5.475455528E-1,1.024995269E0,1.718785251E0
2.469300333E0,-7.981706643E-1,1.203183319E0,1.666427225E0,2.204927710E0
2.479246333E0,-1.809108058E0,2.288853391E0,2.029065692E0,3.553706430E0
2.489193333E0,-1.657057062E0,3.772193184E0,1.991232453E0,4.576055748E0
2.499139333E0,-1.135088400E0,4.845688768E0,1.526094342E0,5.205582508E0
2.509085333E0,-6.959563646E-1,5.111064066E0,8.952961323E-1,5.235349684E0
2.519032333E0,-1.757427442E-1,4.730722568E0,5.808296585E-1,4.769484733E0
2.528978333E0,4.532323033E-1,3.916620580E0,6.680674848E-1,3.998956170E0
2.538924333E0,9.340125936E-1,2.910085555E0,1.043076614E0,3.229394105E0
2.548871333E0,1.549571497E0,2.197909307E0,1.161549097E0,2.929364001E0
2.558817333E0,1.372342683E0,1.690662180E0,1.221762847E0,2.496871542E0
2.568763333E0,1.092551075E0,1.423439162E0,1.265155326E0,2.195555715E0
2.578710333E0,4.339233354E-1,1.266182975E0,1.123874025E0,1.747741860E0
2.588656333E0,2.801360089E-1,1.257318011E0,1.064179800E0,1.670869059E0
2.598602333E0,-4.866725296E-2,1.206073013E0,1.130743918E0,1.653953573E0
2.608548333E0,1.539519256E-1,9.269509113E-1,1.281233415E0,1.588866971E0
2.618495333E0,6.245758948E-1,5.345325744E-1,1.098863437E0,1.372341420E0
2.628441333E0,1.063486613E0,-1.281300366E-2,9.638263768E-1,1.435315029E0
2.638387333E0,1.395764582E0,-6.027613950E-1,9.849628919E-1,1.811527523E0
2.648334333E0,1.409516649E0,-1.177219927E0,1.019990637E0,2.100705796E0
2.658280333E0,1.269256271E0,-1.530895783E0,9.669183844E-1,2.211240498E0
2.668226333E0,1.138104978E0,-1.689313812E0,9.069987497E-1,2.229733353E0
2.678173333E0,1.057327156E0,-1.769448148E0,9.467124537E-1,2.268292735E0
2.688119458E0,9.612997949E-1,-1.846100467E0,9.327747381E-1,2.280844787E0
2.698065458E0,8.787955821E-1,-1.869124464E0,9.390409067E-1,2.268855606E0
2.708011458E0,8.362600118E-1,-1.837053655E0,9.674399561E-1,2.238311196E0
2.717958458E0,7.966559431E-1,-1.774936345E0,9.635878104E-1,2.171073741E0
2.727904458E0,8.075762030E-1,-1.643532452E0,8.459476787E-1,2.017177662E0
2.737850458E0,8.783383298E-1,-1.601817246E0,7.278386003E-1,1.966480546E0
2.747797458E0,1.053723809E0,-1.675293358E0,6.705876347E-1,2.089648171E0
2.757743458E0,1.102867610E0,-1.795087604E0,6.032961228E-1,2.191488691E0
2.767689458E0,1.139141690E0,-1.833902591E0,5.259690347E-1,2.222045438E0
2.777636458E0,1.048070429E0,-1.642439023E0,3.974554208E-1,1.988473882E0
2.787582458E0,1.025054326E0,-1.195477858E0,2.767650890E-1,1.598906687E0
2.797528458E0,1.012640103E0,-6.696295685E-1,1.419660106E-1,1.222292144E0
2.807474458E0,1.054497688E0,-6.627643526E-2,1.460690019E-1,1.066627439E0
2.817421458E0,1.172216757E0,5.875217968E-1,3.867576474E-1,1.367060886E0
2.827367458E0,1.208018966E0,1.221812548E0,6.403636694E-1,1.833630648E0
2.837313458E0,1.196284482E0,1.793027045E0,7.312051347E-1,2.276115879E0
2.847260458E0,1.102510638E0,2.283437700E0,7.238689256E-1,2.636968649E0
2.857206458E0,1.104472671E0,2.687069827E0,8.018394998E-1,3.013826591E0
2.867152458E0,1.185832876E0,2.919501327E0,9.482207429E-1,3.290715756E0
2.877099458E0,1.230124365E0,2.866214481E0,1.019827792E0,3.281530151E0
2.887045458E0,1.290598901E0,2.537708550E0,9.987377626E-1,3.017132302E0
2.896991458E0,1.419754831E0,2.033151727E0,1.036432423E0,2.687675928E0
2.906938458E0,1.418890320E0,1.445195482E0,1.188039615E0,2.348037020E0
2.916884458E0,1.431506858E0,6.942989713E-1,1.041368058E0,1.901502137E0
2.926830458E0,1.509471000E0,-1.749434298E-1,9.850219488E-1,1.810904786E0
2.936776458E0,1.664232472E0,-1.231390287E0,9.566021419E-1,2.280587516E0
2.946723458E0,1.736209066E0,-2.597109829E0,8.126969022E-1,3.227983525E0
2.956669458E0,2.007231897E0,-3.941859502E0,8.429486418E-1,4.503087677E0
2.966615458E0,2.477303889E0,-5.374065979E0,9.796559590E-1,5.998111828E0
2.976562458E0,2.811772810E0,-6.963737388E0,1.044411826E0,7.582249060E0
2.986508458E0,2.542113550E0,-9.000547718E0,1.045587701E0,9.410922068E0
2.996454458E0,1.525780638E0,-1.116612835E1,8.953686377E-1,1.130540198E1
3.006401458E0,-1.789546198E-1,-1.202143801E1,7.368117374E-1,1.204532640E1
3.016347458E0,-1.438633736E0,-1.153530050E1,7.125066161E-1,1.164647974E1
3.026293458E0,-1.014514135E0,-1.109095655E1,2.029485815E0,1.132066115E1
3.036239458E0,6.577892491E-1,-1.113063926E1,3.724448329E0,1.175565109E1
3.046186458E0,3.927690236E0,-1.173074719E1,5.401135079E0,1.349849771E1
3.056132458E0,6.890104571E0,-1.410502314E1,6.508467915E0,1.699368628E1
3.066078458E0,8.822583032E0,-1.813945576E1,6.466070924E0,2.118225436E1
3.076025458E0,1.025224948E1,-2.181179838E1,6.038096838E0,2.484596107E1
3.085971458E0,1.020655232E1,-2.208226485E1,5.353406596E0,2.490901631E1
3.095917458E0,6.637512456E0,-1.799589843E1,3.206093831E0,1.944705555E1
3.105864458E0,5.609444475E-1,-1.123917879E1,-6.442655164E-1,1.127159601E1
3.115810458E0,-4.297145973E0,-4.769954461E0,-3.254508192E0,7.197899183E0
3.125756458E0,-6.556400465E0,1.040755854E0,-2.485200261E0,7.088425788E0
3.135702458E0,-6.645913151E0,4.834135255E0,-1.282304918E0,8.317531555E0
3.145649458E0,-5.435174060E0,6.172973977E0,-8.116993672E-1,8.264719030E0
3.155595458E0,-3.431289986E0,6.596907637E0,-8.612208983E-1,7.485629083E0
3.165541458E0,-1.966832753E0,7.628673981E0,-3.647206610E-1,7.886578406E0
3.175488458E0,-2.841333409E0,8.842824923E0,2.100784131E0,9.522710860E0
3.185434458E0,-3.324181275E0,1.023033762E1,4.325042161E0,1.159379052E1
3.195380458E0,-2.969840883E0,1.227582347E1,2.448330935E0,1.286507369E1
3.205327458E0,-2.249853339E0,1.447963203E1,5.764916092E-1,1.466471705E1
3.215273458E0,-1.537504891E-1,1.672006638E1,7.691193581E-1,1.673845284E1
3.225219458E0,1.939602708E0,1.857662752E1,2.386515048E0,1.882946103E1
3.235165458E0,2.503904042E0,1.978404013E1,3.856230537E0,2.031128487E1
3.245112458E0,1.175827998E0,1.899479465E1,3.000232079E0,1.926619288E1
3.255058458E0,-2.206287197E0,1.556332106E1,-2.740778549E-1,1.572131624E1
3.265004458E0,-4.737909381E0,1.258115922E1,-3.356612272E0,1.385641363E1
3.274951458E0,-4.318656417E0,1.057715469E1,-6.716967931E0,1.325309974E1
3.284897458E0,-3.522748333E0,9.465504858E0,-8.508743087E0,1.320622001E1
3.294843458E0,-3.283011322E0,9.067586045E0,-8.352635293E0,1.275796992E1
3.304790458E0,-3.329722681E0,8.778898484E0,-7.069743315E0,1.175318605E1
3.314736458E0,-3.414444743E0,8.680346587E0,-5.344401299E0,1.075032441E1
3.324682458E0,-3.357092036E0,8.275364923E0,-3.055902250E0,9.438764225E0
3.334629458E0,-2.866905622E0,7.388607772E0,-8.717882788E-1,7.973122817E0
3.344575458E0,-2.282326729E0,5.857366419E0,-4.298393476E-1,6.300993455E0
3.354521458E0,-1.576183053E0,4.023095453E0,-1.551909506E0,4.591086272E0
3.364467458E0,-1.169881964E0,1.897675248E0,-2.410386599E0,3.283254287E0
3.374414458E0,-1.240541180E0,9.585393244E-1,-3.163828987E0,3.530942355E0
3.384360458E0,-1.633554763E0,2.423422966E0,-3.669890884E0,4.691436788E0
3.394306458E0,-1.531828706E0,5.227724204E0,-3.541987719E0,6.497790127E0
3.404253458E0,-5.271776542E-1,7.224619685E0,-2.890543576E0,7.799249197E0
3.414199458E0,6.798398302E-1,8.145276069E0,-1.813723265E0,8.372412825E0
3.424145458E0,3.210748507E-1,8.185068710E0,-1.202030833E0,8.279089139E0
3.434092458E0,-8.575475313E-1,7.642247123E0,-1.100124243E0,7.768500641E0
3.444038458E0,-2.497800426E0,7.448160494E0,-9.536488594E-1,7.913504145E0
3.453984458E0,-3.157939671E0,7.859866456E0,-9.258769239E-1,8.520993590E0
3.463931458E0,-3.176322733E0,9.100600010E0,-3.322364545E-1,9.644704645E0
3.473877458E0,-2.819505753E0,1.078628387E1,-3.116370061E-1,1.115305564E1
3.483823458E0,-2.285474723E0,1.204560806E1,-1.467645282E-1,1.226138687E1
3.493769458E0,-1.971601742E0,1.311085732E1,4.608370458E-1,1.326627920E1
3.503716458E0,-2.026544958E0,1.412875348E1,2.675450532E-1,1.427585863E1
3.513662458E0,-2.558444531E0,1.483867563E1,-5.043974867E-1,1.506606616E1
3.523608458E0,-2.933913544E0,1.499506760E1,-1.136181390E0,1.532157985E1
3.533555458E0,-2.767248602E0,1.439744473E1,-1.429934103E0,1.473053941E1
3.543501458E0,-2.341709735E0,1.366746196E1,-1.924456958E0,1.399952340E1
3.553447458E0,-1.982508407E0,1.316131177E1,-2.652148208E0,1.357145376E1
3.563394458E0,-1.365572923E0,1.272939315E1,-3.839984925E0,1.336591649E1
3.573340458E0,2.564800747E-1,1.225704221E1,-6.385822567E0,1.382315433E1
3.583286458E0,3.583790341E0,1.147257040E1,-6.641403193E0,1.373213972E1
3.593232458E0,8.658202597E0,5.382219921E0,1.890075915E0,1.036846905E1
3.603179458E0,7.613016307E0,-1.071292938E1,1.568424616E1,2.046265992E1
3.613125458E0,1.572638178E0,-4.128256808E1,1.439882000E1,4.374985298E1
3.623071458E0,2.064549813E0,-7.869940624E1,1.748261347E1,8.064428487E1
3.633018458E0,1.037609234E1,-4.332472452E1,7.882749535E0,4.524193616E1
3.642964458E0,7.848970170E0,-1.898932634E1,4.937504672E0,2.113243478E1
3.652910458E0,1.115692016E1,-4.735429577E0,2.700203258E-1,1.212328634E1
3.662856458E0,1.334542305E1,6.743077503E0,-2.966053057E0,1.524358492E1
3.672803458E0,9.864593114E0,9.523997480E0,-4.026856967E0,1.429098675E1
3.682749458E0,4.116439819E-2,8.823388778E0,-1.466201019E0,8.944474801E0
3.692695458E0,-6.740088406E0,4.533302441E0,1.396175349E0,8.241900773E0
3.702642458E0,-1.184493396E1,1.065603012E0,2.250464081E0,1.210382414E1
3.712588458E0,-1.374686013E1,-4.298793426E0,2.104266733E0,1.455622640E1
3.722534458E0,-8.076801081E0,-1.008287552E1,2.204013215E0,1.310560066E1
3.732481458E0,-3.874038232E0,-1.366393375E1,-2.879777098E-1,1.420542815E1
3.742427458E0,-3.446923687E0,-1.353736141E1,-2.027787491E0,1.411571320E1
3.752373458E0,-9.598479313E-1,-8.802989012E0,2.783447728E0,9.282322169E0
3.762320458E0,7.921608376E0,-3.430010616E0,8.469013596E0,1.209301631E1
3.772266458E0,2.171895161E1,-1.613146811E0,1.122940926E1,2.450336169E1
3.782212458E0,2.546570473E1,-4.883410326E0,6.380914999E0,2.670329362E1
3.792158458E0,7.728851404E0,-5.022752983E0,-1.220180005E0,9.297958421E0
3.802105458E0,-3.116276213E0,-7.140409255E-1,-3.731912885E0,4.914082382E0
3.812051458E0,-7.852721744E0,3.496822071E0,-3.194442084E0,9.170466924E0
3.821997458E0,-7.093285375E0,3.785652890E0,4.661786234E-1,8.053768541E0
3.831944458E0,-2.650619161E0,3.369194895E-1,2.791880583E0,3.864439658E0
3.841890458E0,-5.433262020E-2,-2.872538829E0,7.653648609E-1,2.973249860E0
3.851836458E0,8.876310173E-1,-4.348646201E0,-1.106180350E0,4.574084343E0
3.861783458E0,2.999742959E0,-5.358846846E0,3.501669413E-1,6.151285575E0
3.871729458E0,6.079517344E0,-5.940469387E0,3.268882402E0,9.106882004E0
3.881675458E0,6.796209397E0,-4.854255524E0,3.208361381E0,8.946834167E0
3.891621458E0,3.757188936E0,-3.446311483E0,1.185116007E0,5.234312896E0
3.901568458E0,7.913697678E-1,-2.400939252E0,2.479400700E-1,2.540127887E0
3.911514458E0,-1.238171888E0,-1.960239286E0,1.061611118E0,2.550024677E0
3.921460458E0,-1.867712069E0,-4.927635741E-1,2.495298695E0,3.155579169E0
3.931407458E0,-1.522537480E0,1.616490834E0,3.056978137E0,3.778396264E0
3.941353458E0,-1.272202391E0,3.197369785E0,2.347216789E0,4.165465055E0
3.951299458E0,-8.367774904E-1,3.454011097E0,1.142868705E0,3.733167302E0
3.961246458E0,1.074425876E-2,2.665541548E0,-1.870226079E-1,2.672116135E0
3.971192458E0,9.417028517E-1,1.608894716E0,-8.762485349E-1,2.059892707E0
3.981138458E0,1.615165270E0,9.694262552E-1,-7.197641802E-1,2.016582899E0
3.991085458E0,1.772490162E0,4.315110666E-1,7.640673637E-2,1.825859021E0
4.001031458E0,1.459743939E0,4.070574260E-1,1.077766390E0,1.859604396E0
4.010977458E0,6.013884687E-1,6.641103816E-1,1.609906869E0,1.842419826E0
4.020923458E0,-5.753359070E-1,9.200740010E-1,1.484284118E0,1.838653561E0
4.030870458E0,-1.543841518E0,1.311582511E0,1.089202375E0,2.300012419E0
4.040816458E0,-1.933030438E0,1.602739937E0,6.233634746E-1,2.587269603E0
4.050762458E0,-1.579565082E0,1.838946984E0,1.074016571E-2,2.424225074E0
4.060709458E0,-8.768247780E-1,1.748728539E0,-6.485380769E-1,2.060940279E0
4.070655458E0,1.023262739E-4,1.707319143E0,-8.365985656E-1,1.901272160E0
4.080601458E0,7.395292309E-1,1.714752708E0,-7.171007735E-1,2.000378427E0
4.090548458E0,1.182478328E0,1.705307116E0,-3.912582493E-1,2.111731606E0
4.100494458E0,1.370399361E0,1.776714483E0,-7.585358977E-2,2.245097443E0
4.110440458E0,1.292893348E0,1.848582610E0,1.054147732E-1,2.258305372E0
4.120386458E0,9.460792002E-1,1.845904586E0,1.941374999E-1,2.083295217E0
4.130333458E0,5.014396727E-1,1.772368832E0,8.609206438E-2,1.843948173E0
4.140279458E0,1.103226337E-1,1.542803637E0,-1.346701473E-1,1.552594666E0
4.150225458E0,-8.841165483E-2,1.246212394E0,-1.962278795E-1,1.264660956E0
4.160172458E0,-1.721241948E-1,1.036152926E0,-2.061289698E-1,1.070387209E0
4.170118458E0,-5.865839034E-2,8.895673227E-1,-1.791183418E-1,9.093152417E-1
4.180064458E0,1.180125993E-1,7.662723488E-1,-5.287987947E-2,7.771078225E-1
4.190011458E0,2.882197845E-1,7.077826506E-1,5.855635643E-2,7.664566338E-1
4.199957458E0,3.141840532E-1,6.061668134E-1,5.477320790E-2,6.849452016E-1
4.209903458E0,1.725340846E-1,4.960292441E-1,1.869705677E-1,5.574683978E-1
4.219849458E0,2.895921260E-2,3.067542887E-1,3.033342522E-1,4.323754135E-1
4.229796458E0,8.589442849E-2,-9.944652021E-2,4.706687003E-1,4.886680762E-1
4.239742458E0,1.225377595E-1,-6.315554237E-1,5.772611028E-1,8.643541731E-1
4.249688458E0,2.205186751E-1,-1.129000863E0,4.904457378E-1,1.250523273E0
4.259635458E0,5.339501917E-1,-1.436642175E0,4.981927139E-1,1.611595336E0
4.269581458E0,6.184003580E-1,-1.836459578E0,6.221653801E-1,2.035213145E0
4.279527458E0,6.427437785E-1,-2.288090914E0,6.850346428E-1,2.473408995E0
4.289474458E0,7.628572825E-1,-2.643388202E0,7.766295218E-1,2.858776982E0
4.299420458E0,9.710906652E-1,-2.960844065E0,8.173220497E-1,3.221432909E0
4.309366458E0,1.203329207E0,-3.267826980E0,8.680741274E-1,3.588906106E0
4.319312458E0,1.432581576E0,-3.423628964E0,9.835741782E-1,3.839393627E0
4.329259458E0,1.389503969E0,-3.607661891E0,1.171130052E0,4.039491453E0
4.339205458E0,1.232444833E0,-3.576430743E0,1.272585091E0,3.991146444E0
4.349151458E0,1.055814189E0,-3.382464566E0,1.207635974E0,3.743553765E0
4.359098458E0,7.840508080E-1,-3.118169834E0,1.180267496E0,3.425018269E0
4.369044458E0,4.889587909E-1,-2.787633165E0,1.230948822E0,3.086294601E0
4.378990458E0,3.507180414E-1,-2.383540862E0,1.333050563E0,2.753414969E0
4.388937458E0,2.453921458E-1,-1.969674354E0,1.307263173E0,2.376714406E0
4.398883458E0,2.213039562E-1,-1.520557905E0,1.205009404E0,1.952721037E0
4.408829458E0,2.561010289E-1,-1.076117476E0,1.008809592E0,1.497101650E0
4.418775458E0,3.224531856E-1,-6.855006659E-1,8.154702365E-1,1.113049382E0
4.428722458E0,3.328109434E-1,-3.278919733E-1,5.862628913E-1,7.496535519E-1
4.438668458E0,2.962515199E-1,5.011940897E-2,4.901451910E-1,5.749080156E-1
4.448614458E0,2.619739723E-1,4.900481272E-1,3.757023168E-1,6.707680374E-1
4.458561458E0,2.987243074E-1,9.377115422E-1,3.069472468E-1,1.030900461E0
4.468507458E0,4.054985583E-1,1.409445021E0,2.248155016E-1,1.483747403E0
4.478453458E0,3.631921989E-1,1.897577600E0,2.434932625E-1,1.947305392E0
4.488400458E0,3.189667833E-1,2.361365882E0,2.498670200E-1,2.395876074E0
4.498346458E0,2.810984606E-1,2.796225649E0,1.157380325E-1,2.812701462E0
4.508292458E0,2.922707355E-1,3.210986781E0,-1.429135519E-1,3.227426618E0
4.518238458E0,2.584115562E-1,3.710058916E0,-3.884603566E-1,3.739280030E0
4.528185458E0,2.213755846E-1,4.258697898E0,-4.796108472E-1,4.291333301E0
4.538131458E0,3.323414120E-1,4.777846448E0,-4.356736994E-1,4.809166151E0
4.548077458E0,5.101330206E-1,5.216726176E0,-4.000735116E-1,5.256855192E0
4.558024458E0,6.711171001E-1,5.598455218E0,-3.811320412E-1,5.651403421E0
4.567970458E0,6.448669025E-1,5.936703195E0,-2.586103615E-1,5.977221551E0
4.577916458E0,5.209521237E-1,6.207227551E0,-1.128962857E-1,6.230073078E0
4.587863458E0,4.894955653E-1,6.448990037E0,2.184607476E-2,6.467577264E0
4.597809458E0,5.913034835E-1,6.579418030E0,8.969190270E-2,6.606544184E0
4.607755458E0,8.560200924E-1,6.622437165E0,1.053180018E-1,6.678363294E0
4.617701458E0,1.147644711E0,6.568906490E0,1.506184280E-1,6.670105454E0
4.627648458E0,1.369803530E0,6.296176565E0,3.230534023E-1,6.451555204E0
4.637594458E0,1.548512274E0,5.760090970E0,5.271346772E-1,5.987855143E0
4.647540458E0,1.850234157E0,5.025079005E0,5.202419794E-1,5.380096390E0
4.657487458E0,2.194295728E0,4.013604253E0,4.384353393E-1,4.595234312E0
4.667433458E0,2.386363313E0,2.609445115E0,3.627782160E-1,3.554650715E0
4.677379458E0,2.469681458E0,7.255821598E-1,2.352451801E-1,2.584789406E0
4.687325917E0,2.394193612E0,-1.367940314E0,4.381219286E-1,2.792019803E0
4.697271917E0,2.312651559E0,-3.657847958E0,9.837876016E-1,4.438022866E0
4.707217917E0,2.224694232E0,-6.240753731E0,1.533150469E0,6.800501593E0
4.717163917E0,2.511266856E0,-9.818700657E0,2.172306104E0,1.036495333E1
4.727110917E0,3.061841559E0,-1.449447928E1,2.213849401E0,1.497884950E1
4.737056917E0,2.441898413E0,-1.822228391E1,7.827673441E-1,1.840182663E1
4.747002917E0,1.054314670E0,-1.940773555E1,8.836598808E-1,1.945642910E1
4.756949917E0,1.221453529E0,-1.880135473E1,2.381473871E0,1.899090061E1
4.766895917E0,4.472708330E0,-1.779343625E1,4.329346297E0,1.885085496E1
4.776841917E0,9.462641476E0,-1.712258169E1,6.435902215E0,2.059478635E1
4.786788917E0,1.241650163E1,-1.777424920E1,7.556573719E0,2.296073286E1
4.796734917E0,1.217007657E1,-1.977778594E1,8.189372846E0,2.462391943E1
4.806680917E0,1.140563031E1,-2.072564299E1,8.844984884E0,2.525617623E1
4.816626917E0,9.335601946E0,-2.073765083E1,6.622233097E0,2.368665441E1
4.826573917E0,4.136481736E0,-1.952951434E1,3.815603498E0,2.032415414E1
4.836519917E0,-2.461482785E0,-1.514272149E1,-5.038753304E-1,1.534974924E1
4.846465917E0,-7.031371547E0,-8.288636348E0,-4.494771337E0,1.176200016E1
4.856412917E0,-7.867984146E0,-1.741466882E0,-4.342740221E0,9.154085102E0
4.866358917E0,-5.608410687E0,2.056313133E0,-2.911088938E0,6.645083366E0
4.876304917E0,-3.223390772E0,4.336515568E0,-1.461080174E0,5.597353894E0
4.886251917E0,-1.708127813E0,5.938792990E0,-4.845792264E-1,6.198530457E0
4.896197917E0,-2.023530718E0,6.933474539E0,-4.606918886E-2,7.222871183E0
4.906143917E0,-2.076770201E0,7.920370520E0,-2.556899697E-1,8.192107239E0
4.916089917E0,-1.177236884E0,9.231000520E0,2.051690909E0,9.529254581E0
4.926036917E0,-1.236388633E0,1.082136132E1,3.112279934E0,1.132770074E1
4.935982917E0,-2.170088109E0,1.256318254E1,1.923234159E0,1.289347384E1
4.945928917E0,-2.105496549E0,1.482735776E1,1.387086437E0,1.504020155E1
4.955875917E0,-1.273900276E0,1.757850313E1,1.488324544E0,1.768733174E1
4.965821917E0,-1.021258606E-1,2.024519833E1,2.768128023E0,2.043382044E1
4.975767917E0,4.229940122E-1,2.204948770E1,3.819293091E0,2.238181922E1
4.985714917E0,-2.999453522E-1,2.225014777E1,2.949216292E0,2.244675744E1
4.995660917E0,-2.184477668E0,2.020934788E1,3.174125934E-1,2.032954587E1
5.005606917E0,-4.016827531E0,1.603817345E1,-1.712176717E0,1.662195717E1
5.015553917E0,-3.486269309E0,1.204066132E1,-7.456376417E0,1.458523733E1
5.025499917E0,-2.154359829E0,8.585778399E0,-1.053654578E1,1.376138271E1
5.035445917E0,-3.700168643E0,6.304001309E0,-8.158063930E0,1.095379786E1
5.045391917E0,-5.049814482E0,5.495775772E0,-7.723737429E0,1.074059112E1
5.055338917E0,-5.702154418E0,4.759982035E0,-4.839089016E0,8.865031105E0
5.065284917E0,-4.861353459E0,4.121760201E0,-1.937579572E0,6.661522289E0
5.075230917E0,-3.328481610E0,3.602162585E0,-1.673892950E0,5.182304769E0
5.085177917E0,-3.266426572E0,1.800777529E0,-2.983572192E0,4.776405059E0
5.095123917E0,-3.514337990E0,-7.396949995E-1,-4.294785452E0,5.598473209E0
5.105069917E0,-1.183027674E0,-2.402366558E0,-4.858708763E0,5.547789686E0
5.115016917E0,1.060167733E0,-1.410391100E0,-3.581872162E0,3.992864493E0
5.124962917E0,5.213760468E-1,2.706567367E0,-2.267145749E0,3.568933978E0
5.134908917E0,-3.394928491E-1,7.104731299E0,-1.107196158E0,7.198496062E0
5.144854917E0,-1.368974102E0,9.142185992E0,4.333798367E-1,9.254267820E0
5.154801917E0,-2.440700611E0,9.335673866E0,1.332847373E0,9.741062988E0
5.164747917E0,-2.503560226E0,9.233017809E0,1.396237915E0,9.667776993E0
5.174693917E0,-2.529758968E0,9.665654465E0,7.954052237E-1,1.002283523E1
5.184640917E0,-2.523311243E0,1.060279356E1,-6.408849487E-1,1.091774082E1
5.194586917E0,-2.336807576E0,1.162611712E1,-1.561040518E0,1.196094128E1
5.204532917E0,-2.074667250E0,1.216324234E1,-1.440859187E0,1.242275266E1
5.214479917E0,-1.743611641E0,1.243527236E1,-1.168949772E0,1.261121024E1
5.224425917E0,-1.772907068E0,1.283937928E1,-1.087280395E0,1.300673050E1
5.234371917E0,-2.139137188E0,1.350124082E1,-8.529257458E-1,1.369623649E1
5.244317917E0,-2.631902516E0,1.420282601E1,-6.980575615E-1,1.446148201E1
5.254264917E0,-2.857564987E0,1.439829375E1,-7.980674610E-1,1.470079767E1
5.264210917E0,-3.011062584E0,1.458804759E1,-9.148331416E-1,1.492362389E1
5.274156917E0,-3.551581246E0,1.506037632E1,-7.797215295E-1,1.549311556E1
5.284103917E0,-3.505484136E0,1.548135830E1,-8.059761125E-1,1.589372428E1
5.294049917E0,-1.892408369E0,1.498554833E1,-1.967858501E0,1.523221373E1
5.303995917E0,1.818382326E0,1.297487564E1,-3.044769151E0,1.345081898E1
5.313942917E0,9.375859441E0,9.568790075E0,-3.411593056E-1,1.340092808E1
5.323888917E0,1.314656392E1,1.328752275E0,1.675708159E1,2.134004473E1
5.333834917E0,9.943328211E0,-1.059405782E1,1.400004691E1,2.017684689E1
5.343780917E0,1.144001310E1,-3.089104144E1,7.065516948E0,3.369053087E1
5.353727917E0,1.187508688E1,-6.818815669E1,4.972078673E0,6.939282360E1
5.363673917E0,-6.810167286E-1,-5.081020838E1,3.649781139E0,5.094567657E1
5.373619917E0,-7.758593851E0,-3.277826069E1,6.834732608E0,3.437039020E1
5.383566917E0,-8.741819535E0,-2.177601810E1,2.639678729E0,2.361318015E1
5.393512917E0,-6.565127435E0,-1.081062232E1,-2.586165011E-1,1.265058638E1
5.403458917E0,-4.694349378E-2,-2.826252270E0,3.619976127E-1,2.849727682E0
5.413405917E0,4.789708110E0,2.920674863E0,2.528596834E0,6.153490667E0
5.423351917E0,1.190479074E1,9.151167315E-1,7.364503795E-1,1.196260173E1
5.433297917E0,1.873040227E1,-7.808554800E0,-5.301261712E0,2.097390934E1
5.443243917E0,1.548390652E1,-1.369578120E1,-7.298547202E0,2.192246735E1
5.453190917E0,3.992629706E0,-1.354139248E1,-1.019515493E1,1.741412031E1
5.463136917E0,-4.204933043E0,-1.075506675E1,-4.682421643E0,1.246105915E1
5.473082917E0,-7.366736262E0,-8.763902130E0,6.166795809E0,1.300400532E1
5.483029917E0,-4.317282029E0,-4.872201213E0,9.172187471E0,1.124750158E1
5.492975917E0,4.146617299E-1,-1.893287498E-1,6.999846869E0,7.014673614E0
5.502921917E0,2.509486671E0,3.388265589E0,3.943470994E0,5.773112725E0
5.512868917E0,1.714467072E0,5.055560541E0,7.320024025E-1,5.388313023E0
5.522814917E0,5.677389121E-1,5.104067872E0,-8.518814331E-1,5.205721688E0
5.532760917E0,1.758341947E0,5.025405865E0,-7.781041896E-1,5.380698527E0
5.542706917E0,3.381373183E0,4.942750794E0,1.953952360E-1,5.991881951E0
5.552653917E0,3.317065213E0,4.358366028E0,1.207388052E0,5.608570404E0
5.562599917E0,1.407280674E0,3.452225357E0,1.522953510E0,4.027118847E0
5.572545917E0,-5.326360300E-1,3.620095995E0,1.259708937E0,3.869840147E0
5.582492917E0,-8.091099277E-1,4.285413242E0,7.198419482E-1,4.420135514E0
5.592438917E0,-2.401694128E-1,3.930503039E0,4.919321001E-1,3.968442097E0
5.602384917E0,9.783210397E-2,2.543382103E0,3.465258801E-1,2.568743629E0
5.612331917E0,-4.638216108E-2,1.332614946E0,-1.137599194E-1,1.338265750E0
5.622277917E0,-2.012214017E-1,4.689426023E-1,-5.825048858E-1,7.744089092E-1
5.632223917E0,-1.622309983E-2,1.121946198E-1,-6.531684870E-1,6.629327975E-1
5.642169917E0,3.087926280E-1,1.674250799E-1,-2.621318471E-1,4.382888885E-1
5.652116917E0,8.756082648E-1,5.871411431E-1,4.530978173E-1,1.147485158E0
5.662062917E0,1.000427608E0,8.954385120E-1,1.404953774E0,1.943337499E0
5.672008917E0,6.358051801E-1,7.337097895E-1,1.920586978E0,2.152029884E0
5.681955917E0,2.641760337E-1,3.035026520E-1,1.595097626E0,1.645065127E0
5.691901792E0,-7.904178411E-2,1.832692802E-2,9.835180449E-1,9.868592730E-1
5.701847792E0,-9.288477480E-2,-9.985056281E-2,4.168947816E-1,4.386330758E-1
5.711794792E0,2.921707481E-2,1.715309948E-1,4.623510361E-2,1.800394524E-1
5.721740792E0,3.821944803E-1,9.022166044E-1,-2.113300681E-1,1.002361122E0
5.731686792E0,7.954616493E-1,1.426008428E0,-1.059819531E-1,1.636304204E0
5.741632792E0,1.124135103E0,1.469875994E0,1.620058805E-1,1.857541675E0
5.751579792E0,1.279664900E0,1.200627501E0,4.282781410E-1,1.806231109E0
5.761525792E0,1.279712555E0,8.112479621E-1,5.216119820E-1,1.602456408E0
5.771471792E0,1.131733267E0,4.907626569E-1,4.893528932E-1,1.327077401E0
5.781418792E0,9.129219791E-1,1.763543630E-1,3.707777917E-1,1.001001285E0
5.791364792E0,4.026971573E-1,-3.078401166E-1,3.909097552E-1,6.401101269E-1
5.801310792E0,7.003794909E-3,-6.377493793E-1,6.773361987E-1,9.303535081E-1
5.811257792E0,-3.654615033E-1,-8.194831806E-1,8.730465996E-1,1.251928576E0
5.821203792E0,-6.749911729E-1,-9.326618868E-1,9.064084733E-1,1.465280724E0
5.831149792E0,-4.981658167E-1,-8.141534436E-1,8.443250763E-1,1.274323289E0
5.841096792E0,-4.804203942E-1,-7.842420119E-1,5.963645411E-1,1.096124972E0
5.851042792E0,4.857749820E-2,-4.444071007E-1,4.319747508E-1,6.216587728E-1
5.860988792E0,2.742078093E-1,-1.659135747E-1,3.922587079E-1,5.065413417E-1
5.870934792E0,1.984486520E-1,-4.851621938E-1,3.770290500E-1,6.456896517E-1
5.880881792E0,3.032617468E-1,-5.129089862E-1,3.279276413E-1,6.801322321E-1
5.890827792E0,4.852510715E-1,-2.233899504E-1,3.297513878E-1,6.277799376E-1
5.900773792E0,4.661520186E-1,-3.364563900E-1,3.180715746E-1,6.570160831E-1
5.910720792E0,3.456005582E-1,-4.743103462E-1,3.118483829E-1,6.645746492E-1
5.920666792E0,3.649019247E-1,-4.679322034E-1,3.798444843E-1,7.045536132E-1
5.930612792E0,1.253827223E-1,-5.256816441E-1,4.561067945E-1,7.071742543E-1
5.940558792E0,3.846766233E-2,-5.680172396E-1,4.216824818E-1,7.084768598E-1
5.950505792E0,-8.242147475E-2,-4.712434816E-1,3.719314474E-1,6.059675899E-1
5.960451792E0,-1.845457274E-1,-3.155613649E-1,2.668254071E-1,4.525835817E-1
5.970397792E0,-2.196714136E-1,-1.348736304E-1,1.235323709E-1,2.858437909E-1
5.980344792E0,-2.921955988E-1,-1.407775640E-1,-1.738377213E-2,3.248057666E-1
5.990290792E0,-2.378881216E-1,-1.260688931E-1,6.203135669E-2,2.762824884E-1
6.000236792E0,-1.968769205E-1,-9.782157898E-2,1.218062729E-1,2.513291691E-1
6.010183792E0,3.835831940E-2,-6.670679033E-2,1.012445390E-1,1.271676579E-1
6.020129792E0,2.900607803E-1,-1.853567362E-4,1.217659271E-1,3.145826309E-1
6.030075792E0,5.102917725E-1,-5.631394923E-2,1.463166314E-1,5.338328489E-1
6.040021792E0,5.887043962E-1,-2.002308834E-1,1.380258644E-1,6.369587208E-1
6.049968792E0,6.605219454E-1,-2.452790022E-1,8.337544799E-2,7.095086289E-1
6.059914792E0,6.557202119E-1,-1.615451199E-1,-2.741525531E-2,6.758826956E-1
6.069860792E0,5.171540648E-1,-6.678046525E-2,-7.311826229E-2,5.265493686E-1
6.079807792E0,2.805222175E-1,1.683471859E-2,-7.636171281E-2,2.912168151E-1
6.089753792E0,1.512043190E-1,5.221505105E-2,-7.091269255E-2,1.749793348E-1
6.099699792E0,1.383775744E-1,4.763083398E-2,-1.186709958E-1,1.884140512E-1
6.109646792E0,1.406109184E-1,7.006075323E-2,-1.775968963E-1,2.371088296E-1
6.119592792E0,8.577719182E-2,1.119747645E-1,-1.459049875E-1,2.029392517E-1
6.129538792E0,4.273057491E-2,1.457178766E-1,-5.457791090E-2,1.613640293E-1
6.139484792E0,1.391812742E-2,1.339351523E-1,-7.596702576E-3,1.348704904E-1
6.149431792E0,2.846395344E-2,1.479199380E-1,-6.508535743E-3,1.507742210E-1
6.159377792E0,1.440999520E-1,1.275996941E-1,-5.211447895E-2,1.994051078E-1
6.169323792E0,1.665020970E-1,7.971918404E-2,-7.825328708E-2,2.005035499E-1
6.179270792E0,1.206309825E-1,2.653934240E-2,-8.597862840E-2,1.504941699E-1
6.189216792E0,1.673423418E-1,-3.551598787E-3,-1.871448147E-1,2.510761934E-1
6.199162792E0,2.981600511E-1,5.940186381E-3,-1.967476970E-1,3.572735061E-1
6.209109792E0,4.288853744E-1,1.380866754E-1,-1.068297994E-1,4.630585280E-1
6.219055792E0,4.460650787E-1,3.906144708E-1,1.280891061E-2,5.930579967E-1
6.229001792E0,4.196388799E-1,6.069012237E-1,1.018163967E-1,7.448439188E-1
6.238947792E0,4.825008336E-1,6.782039255E-1,1.238375956E-1,8.414887813E-1
6.248894792E0,4.704260409E-1,6.534737116E-1,2.865860724E-1,8.546696020E-1
6.258840792E0,4.243739551E-1,5.732294476E-1,4.768468684E-1,8.579441644E-1
6.268786792E0,3.155160490E-1,5.879509825E-1,5.517432690E-1,8.658275635E-1
6.278733792E0,1.891638583E-1,6.708925670E-1,5.096813232E-1,8.635130879E-1
6.288679792E0,1.968172789E-1,9.123831582E-1,5.558638018E-1,1.086353826E0
6.298625792E0,2.969882691E-1,1.242085429E0,5.872294360E-1,1.405637456E0
6.308572792E0,3.039207280E-1,1.491035898E0,5.027412629E-1,1.602593098E0
6.318518792E0,1.669494089E-1,1.661996790E0,4.558594573E-1,1.731448318E0
6.328464792E0,-3.181586981E-2,1.679706836E0,4.025878143E-1,1.727571780E0
6.338410792E0,-1.984442666E-1,1.662844636E0,3.983158386E-1,1.721362227E0
6.348357792E0,-2.434725049E-1,1.664349709E0,3.614690244E-1,1.720464667E0
6.358303792E0,-1.250792518E-1,1.787014938E0,3.608316779E-1,1.827366057E0
6.368249792E0,1.135327551E-1,1.785677095E0,4.227794194E-1,1.838552369E0
6.378196792E0,4.102853814E-1,1.782751148E0,5.141866028E-1,1.900243041E0
6.388142792E0,5.611657646E-1,1.846361253E0,7.672488338E-1,2.076686704E0
6.398088792E0,6.787205270E-1,1.908860387E0,8.368108195E-1,2.191953895E0
6.408035792E0,7.819691992E-1,1.999458316E0,8.501629364E-1,2.309131093E0
6.417981792E0,8.417040619E-1,2.024502525E0,7.103355449E-1,2.304702321E0
6.427927792E0,8.120034224E-1,2.097330766E0,4.800300926E-1,2.299690151E0
6.437873792E0,7.074768412E-1,2.035059088E0,3.545073295E-1,2.183498207E0
6.447820792E0,6.776393768E-1,1.876206611E0,3.683862805E-1,2.028559791E0
6.457766792E0,7.745870894E-1,1.588973252E0,5.948308164E-1,1.865112558E0
6.467712792E0,1.002989565E0,1.389041162E0,9.825427294E-1,1.975047754E0
6.477659792E0,1.274388665E0,1.138954579E0,1.302225797E0,2.148738240E0
6.487605792E0,1.413425513E0,6.770976323E-1,1.482888388E0,2.157589130E0
6.497551792E0,1.415041391E0,2.257025242E-1,1.636732140E0,2.175356492E0
6.507498792E0,1.388762249E0,-3.701421994E-1,1.628498676E0,2.172020665E0
6.517444792E0,1.269329361E0,-1.160124423E0,1.600896310E0,2.349458384E0
6.527390792E0,1.045527182E0,-1.973608360E0,1.431097260E0,2.652601820E0
6.537336792E0,7.759024206E-1,-2.775706015E0,1.111239946E0,3.088919336E0
6.547283792E0,7.214850157E-1,-3.661151050E0,9.024440610E-1,3.839137003E0
6.557229792E0,7.917504215E-1,-4.728299482E0,1.072484016E0,4.912627269E0
6.567175792E0,9.896377409E-1,-6.049178481E0,1.149045703E0,6.236365062E0
6.577122792E0,1.030279398E0,-7.335686962E0,1.161010276E0,7.498114677E0
6.587068792E0,7.553038493E-1,-8.431800161E0,1.170970423E0,8.546163443E0
6.597014792E0,3.440855446E-1,-9.486778783E0,1.219629782E0,9.571042960E0
6.606961792E0,1.229485264E-1,-1.061990720E1,1.617748570E0,1.074312132E1
6.616907792E0,2.396528113E-1,-1.179032915E1,1.766952556E0,1.192440423E1
6.626853792E0,2.282796845E-1,-1.209514099E1,1.590764839E0,1.220143762E1
6.636799792E0,-1.318684539E-1,-1.064858662E1,2.122391347E0,1.085883655E1
6.646746792E0,4.597393772E-1,-8.255299033E0,3.809852761E0,9.103642155E0
6.656692792E0,2.975916433E0,-6.532897582E0,5.848347673E0,9.259481624E0
6.666638792E0,6.530299664E0,-6.781478507E0,7.054684396E0,1.176443098E1
6.676585792E0,9.749171416E0,-9.029965060E0,7.441229205E0,1.523018399E1
6.686531792E0,1.192014085E1,-1.275058580E1,6.823565011E0,1.874108416E1
6.696478458E0,1.265371381E1,-1.657448474E1,5.305965797E0,2.151704652E1
6.706425458E0,1.173515599E1,-1.880943792E1,4.595245505E0,2.264122616E1
6.716371458E0,9.028764042E0,-1.811205337E1,4.780348764E0,2.079463372E1
6.726317458E0,5.840417680E0,-1.487694565E1,4.178254829E0,1.651943716E1
6.736263458E0,1.904100169E0,-1.061770163E1,2.671537575E0,1.111297882E1
6.746210458E0,-2.411389104E0,-5.553133450E0,-7.664954200E-1,6.102426054E0
6.756156458E0,-5.564753036E0,-6.789096844E-1,-6.302233111E0,8.434781378E0
6.766102458E0,-5.161623185E0,2.874385380E0,-7.825063244E0,9.804899795E0
6.776049458E0,-3.712736064E0,5.089355108E0,-5.806673398E0,8.567578447E0
6.785995458E0,-3.561465379E0,5.825155862E0,-2.941991472E0,7.434500002E0
6.795941458E0,-2.791528288E0,6.279692094E0,-1.464914632E-1,6.873763360E0
6.805888458E0,-2.236630154E0,7.662277930E0,1.926500852E0,8.211237608E0
6.815834458E0,-2.364274287E0,9.362313781E0,5.475918628E0,1.110082867E1
6.825780458E0,-2.746384859E0,1.122919174E1,5.753687684E0,1.291287338E1
6.835726458E0,-2.946198252E0,1.358629676E1,2.835164012E0,1.418822395E1
6.845673458E0,-2.878221446E0,1.595511492E1,1.093980573E0,1.624951212E1
6.855619458E0,-1.450598894E0,1.809785516E1,5.133766173E-1,1.816315375E1
6.865565458E0,1.070616415E-1,1.947861433E1,1.105651031E0,1.951026249E1
6.875512458E0,5.791023910E-2,1.956451694E1,1.494281103E0,1.962158385E1
6.885458458E0,-1.781606848E0,1.765441168E1,6.689419359E-2,1.774420608E1
6.895404458E0,-3.614982313E0,1.468374312E1,-2.555849537E0,1.533664814E1
6.905351458E0,-3.977601484E0,1.182463243E1,-6.488338875E0,1.406206908E1
6.915297458E0,-4.380985982E0,9.553122461E0,-8.846720338E0,1.373752698E1
6.925243458E0,-4.944080451E0,8.758448431E0,-6.230579576E0,1.183108077E1
6.935189458E0,-5.234326295E0,9.027185293E0,-5.948597601E0,1.201141372E1
6.945136458E0,-5.279672037E0,9.157822031E0,-5.068929030E0,1.172325393E1
6.955082458E0,-5.285212859E0,8.863436943E0,-2.871666133E0,1.071169715E1
6.965028458E0,-4.655424171E0,7.690981327E0,-7.553444874E-1,9.021901866E0
6.974975458E0,-3.555383105E0,6.424382615E0,-3.553657007E-1,7.351171729E0
6.984921458E0,-3.042515634E0,5.252248596E0,-2.071796560E0,6.413685187E0
6.994867458E0,-2.898778210E0,3.513860273E0,-5.241051178E0,6.943971960E0
7.004814458E0,-2.541710677E0,1.933602880E0,-6.853535500E0,7.561088685E0
7.014760458E0,-1.697608087E0,1.655825638E0,-6.818332922E0,7.218953913E0
7.024706458E0,-8.234373602E-1,2.500029092E0,-6.414549937E0,6.933588209E0
7.034652458E0,-5.905386677E-1,4.419586376E0,-4.681055149E0,6.464809120E0
7.044599458E0,-3.068533990E-1,6.316124341E0,-2.303259468E0,6.729976960E0
7.054545458E0,-7.553631985E-1,7.139784772E0,1.593644008E-2,7.179648608E0
7.064491458E0,-1.529968122E0,7.551583706E0,1.214756713E0,7.800182869E0
7.074438458E0,-2.340169432E0,8.099089497E0,2.235111339E0,8.721660757E0
7.084384458E0,-2.392758705E0,8.967541355E0,3.079423259E0,9.778800529E0
7.094330458E0,-1.839021828E0,1.003758182E1,2.023127845E0,1.040327335E1
7.104277458E0,-1.650967771E0,1.082462406E1,5.110595119E-1,1.096172261E1
7.114223458E0,-2.248381303E0,1.130650714E1,-4.841593963E-1,1.153805584E1
7.124169458E0,-3.112921373E0,1.175764672E1,-1.599859598E0,1.226752162E1
7.134115458E0,-3.568873217E0,1.209742959E1,-2.257452673E0,1.281330369E1
7.144062458E0,-3.719959129E0,1.251063010E1,-2.433599752E0,1.327691114E1
7.154008458E0,-3.832676783E0,1.286085610E1,-2.496614026E0,1.365005907E1
7.163954458E0,-4.034589325E0,1.269569214E1,-2.212136752E0,1.350377943E1
7.173901458E0,-4.091295623E0,1.250817544E1,-1.064261661E0,1.320324982E1
7.183847458E0,-3.056926682E0,1.275716743E1,-2.573812183E0,1.336841915E1
7.193793458E0,-3.177797985E-1,1.244497874E1,-4.442800992E0,1.321805434E1
7.203740458E0,3.465959882E0,1.074752385E1,-1.406909668E0,1.137987441E1
7.213686458E0,4.906047236E0,3.655196246E0,7.616135212E0,9.769097945E0
7.223632458E0,3.150046807E0,-8.324076907E0,1.337584260E1,1.606630688E1
7.233578458E0,1.117042138E0,-1.939207553E1,1.033258905E1,2.200142662E1
7.243525458E0,2.296227899E0,-2.974911764E1,1.002389349E1,3.147635785E1
7.253471458E0,7.044779797E0,-5.665203524E1,1.389585186E1,5.875522715E1
7.263417458E0,2.871259166E0,-4.658875724E1,1.066430510E1,4.787988966E1
7.273364458E0,4.618770900E0,-2.969543319E1,1.115324343E1,3.205536828E1
7.283310458E0,1.172542623E1,-1.138564803E1,1.147872986E1,1.997197638E1
7.293256458E0,1.624631094E1,-6.294439942E-1,1.385327010E0,1.631741247E1
7.303203458E0,2.075000015E1,3.887338893E0,-1.341328350E1,2.501179890E1
7.313149458E0,2.059738549E1,-2.758899947E0,-1.649785932E1,2.653381201E1
7.323095458E0,1.082301140E1,-1.415500748E1,-7.463336357E0,1.931846790E1
7.333041458E0,-1.526950959E0,-1.577538905E1,1.922325355E0,1.596526898E1
7.342988458E0,-7.703973255E0,-9.957483151E0,7.421387848E0,1.461436527E1
7.352934458E0,-6.486605176E0,-3.054937459E0,8.865432597E0,1.140195530E1
7.362880458E0,-2.201873719E0,8.383246636E-1,6.654164157E0,7.058961449E0
7.372827458E0,-1.191043622E0,1.576535055E0,2.509627882E0,3.194100780E0
7.382773458E0,-8.490548891E-1,1.832936631E0,-1.059655809E0,2.281100903E0
7.392719458E0,-4.539857170E-1,2.331424629E0,-2.600146873E0,3.521705211E0
7.402666458E0,7.783445102E-1,3.460365851E0,-1.701269614E0,3.933734904E0
7.412612458E0,2.913887123E0,4.328934068E0,-5.832346183E-1,5.250768606E0
7.422558458E0,3.485763232E0,4.256776503E0,1.481251752E0,5.697788893E0
7.432504458E0,3.035484065E0,3.764584787E0,3.464584617E0,5.948916598E0
7.442451458E0,1.624733654E0,3.438473291E0,4.015761291E0,5.530750108E0
7.452397458E0,-1.514925867E-2,3.307997936E0,4.203920597E0,5.349395128E0
7.462343458E0,-1.099836706E0,3.625100042E0,3.448290766E0,5.122665351E0
7.472290458E0,-1.453113781E0,3.699558486E0,1.536693297E0,4.261419827E0
7.482236458E0,-1.613349710E0,2.941089247E0,-6.754598272E-1,3.421863414E0
7.492182458E0,-1.637008421E0,1.526105159E0,-2.460741066E0,3.326265191E0
7.502128458E0,-1.375650161E0,2.726001173E-1,-3.533140297E0,3.801289853E0
7.512075458E0,-8.047049278E-1,-9.049864304E-1,-3.763439902E0,3.953483319E0
7.522021458E0,6.143833208E-1,-1.945499625E0,-2.990795842E0,3.620399899E0
7.531967458E0,1.485746507E0,-2.759075949E0,-1.398859806E0,3.431727193E0
7.541914458E0,1.560874457E0,-2.560448956E0,3.246555394E-1,3.016227636E0
7.551860458E0,1.238891388E0,-1.373597496E0,1.262031451E0,2.239273394E0
7.561806458E0,5.061946285E-1,3.045697689E-2,9.965725386E-1,1.118175950E0
7.571753458E0,-1.703866947E-1,1.298747873E0,2.473185110E-1,1.333020671E0
7.581699458E0,-1.080896113E0,1.929565378E0,-3.837790757E-1,2.244737252E0
7.591645458E0,-1.537906010E0,2.252119428E0,-5.150128144E-1,2.775326109E0
7.601591458E0,-1.775617253E0,1.940140652E0,-2.189133221E-1,2.639106936E0
7.611538458E0,-1.200595926E0,2.172665707E0,6.258497107E-1,2.559998968E0
7.621484458E0,6.723239654E-1,2.989789537E0,1.584615322E0,3.449908217E0
7.631430458E0,2.807885874E0,2.438206481E0,1.923402997E0,4.186711480E0
7.641377458E0,4.000486609E0,1.129991382E0,1.544023367E0,4.434499046E0
7.651323458E0,2.792365901E0,-5.894683349E-1,3.790305519E-1,2.878965857E0
7.661269458E0,5.274051109E-1,-7.439622974E-1,-8.135505956E-1,1.222088631E0
7.671216458E0,-8.308063138E-1,1.871582633E-1,-1.019708802E0,1.328560645E0
7.681162458E0,-1.409915137E0,5.725383067E-1,-2.805008751E-1,1.547366003E0
7.691108792E0,-9.888577223E-1,1.076131509E0,7.755331689E-1,1.654493976E0
7.701055792E0,-8.780705273E-2,1.348719347E0,1.531267666E0,2.042433504E0
7.711001792E0,9.693455637E-1,8.423557341E-1,1.691593641E0,2.123836870E0
7.720947792E0,1.748863318E0,1.243772936E-1,1.396639618E0,2.241560804E0
7.730893792E0,1.713007899E0,-1.879488069E-1,8.880967480E-1,1.938668783E0
7.740840792E0,6.515581638E-1,-4.687899899E-1,4.538994706E-1,9.221262521E-1
7.750786792E0,-2.691113761E-1,-4.185401881E-1,3.768027627E-1,6.241611521E-1
7.760732792E0,-7.172305816E-1,-2.393592811E-1,6.062276244E-1,9.691359581E-1
7.770679792E0,-8.118671823E-1,4.571762502E-2,9.342704558E-1,1.238579714E0
7.780625792E0,-6.728379357E-1,2.517202950E-1,1.136222175E0,1.344274832E0
7.790571792E0,-4.214518091E-1,2.584358221E-1,1.095757688E0,1.202121297E0
7.800517792E0,-2.112338814E-1,1.846989244E-1,8.814888096E-1,9.250707901E-1
7.810464792E0,-3.890737295E-2,8.982492685E-3,6.028432560E-1,6.041642659E-1
7.820410792E0,2.866714418E-1,-3.265091068E-1,2.812078035E-1,5.175582490E-1
7.830356792E0,5.780305964E-1,-7.263849825E-1,6.493274510E-2,9.305755071E-1
7.840303792E0,7.039492160E-1,-9.845231813E-1,2.177386165E-2,1.210497623E0
7.850249792E0,7.542533970E-1,-1.063687465E0,1.245281518E-1,1.309899412E0
7.860195792E0,7.276778018E-1,-9.943774939E-1,3.099030143E-1,1.270567378E0
7.870142792E0,4.710417527E-1,-8.942076731E-1,4.604834354E-1,1.110645168E0
7.880088792E0,2.272593454E-1,-8.569620788E-1,5.900659204E-1,1.064992303E0
7.890034792E0,8.693055511E-2,-8.833862311E-1,4.588251650E-1,9.992240423E-1
7.899980792E0,1.356852239E-1,-9.188232815E-1,1.887878823E-1,9.477803370E-1
7.909927792E0,2.477427265E-1,-9.950867611E-1,-4.520833254E-2,1.026458920E0
7.919873792E0,3.306006959E-1,-9.395575082E-1,-1.942269623E-1,1.014785319E0
7.929819792E0,3.494246373E-1,-8.796194547E-1,-1.481017864E-1,9.579990091E-1
7.939766792E0,3.366610426E-1,-8.147726637E-1,1.691307127E-2,8.817489456E-1
7.949712792E0,3.242743009E-1,-7.662694252E-1,1.416201478E-1,8.440254264E-1
7.959658792E0,3.591959193E-1,-7.048415011E-1,1.583326596E-1,8.067790783E-1
7.969605792E0,3.531180310E-1,-6.663703305E-1,1.430398518E-1,7.675950497E-1
7.979551792E0,2.490235591E-1,-5.761939859E-1,1.338386732E-1,6.418138615E-1
7.989497792E0,1.431056330E-1,-5.954494518E-1,1.726758796E-1,6.362831376E-1
7.999443792E0,8.907911450E-2,-6.048482662E-1,1.986720157E-1,6.428429696E-1
8.009390792E0,6.103499115E-2,-5.416673470E-1,1.107977200E-1,5.562417816E-1
8.019336792E0,7.485254645E-2,-4.037169117E-1,1.087757528E-2,4.107414882E-1
8.029282792E0,5.137626797E-2,-2.171351838E-1,-1.199538749E-1,2.533301030E-1
8.039229792E0,2.374495804E-2,-5.170400441E-2,-1.830991262E-1,1.917352788E-1
8.049175792E0,4.050658643E-3,9.042894423E-2,-2.084257561E-1,2.272335750E-1
8.059121792E0,-1.916191041E-2,2.079936469E-1,-2.398381680E-1,3.180422657E-1
8.069068792E0,-9.066224813E-2,2.767475474E-1,-2.396493030E-1,3.771480301E-1
8.079014792E0,-1.225614408E-1,3.501540774E-1,-2.421916723E-1,4.430417484E-1
8.088960792E0,-1.399282560E-1,4.496520531E-1,-2.455275089E-1,5.310844032E-1
8.098906792E0,-2.136031732E-1,4.890476686E-1,-2.347557682E-1,5.830130431E-1
8.108853792E0,-2.874903443E-1,5.426906097E-1,-2.674253315E-1,6.698358783E-1
8.118799792E0,-2.742607266E-1,6.736378348E-1,-3.832405472E-1,8.221193317E-1
8.128745792E0,-2.382155657E-1,8.398607272E-1,-4.909521067E-1,1.001572098E0
8.138692792E0,-2.675668341E-1,1.062350791E0,-5.570800227E-1,1.229031881E0
8.148638792E0,-3.104055825E-1,1.220302797E0,-5.391863734E-1,1.369749060E0
8.158584792E0,-2.875181186E-1,1.275022795E0,-4.670966363E-1,1.387994620E0
8.168530792E0,-2.965906584E-1,1.180104944E0,-4.642443645E-1,1.302358064E0
8.178477792E0,-2.364684176E-1,9.916240400E-1,-4.902364075E-1,1.131179599E0
8.188423792E0,-1.512943661E-1,7.360439980E-1,-4.510676640E-1,8.764204412E-1
8.198369792E0,-1.238627386E-1,4.981243014E-1,-3.336117196E-1,6.121818171E-1
8.208316792E0,-1.448647678E-1,3.396939933E-1,-1.736342382E-1,4.080767804E-1
8.218262792E0,-6.740670204E-2,2.483224779E-1,2.867065251E-2,2.589009904E-1
8.228208792E0,4.455373675E-2,2.012635016E-1,9.636796117E-2,2.275495913E-1
8.238155792E0,1.681208986E-1,2.252347469E-1,1.644377375E-1,3.256303077E-1
8.248101792E0,1.671593240E-1,1.844872552E-1,3.404330814E-1,4.217492974E-1
8.258047792E0,1.423387706E-1,7.919001102E-2,4.757715654E-1,5.028816620E-1
8.267993792E0,2.650770897E-1,-1.403331757E-2,6.267063278E-1,6.806053326E-1
8.277940792E0,3.884641573E-1,2.638906896E-2,8.011463124E-1,8.907503569E-1
8.287886792E0,3.741083658E-1,5.288338780E-2,1.062003466E0,1.127211198E0
8.297832792E0,3.091636339E-1,-4.742793560E-2,1.247806345E0,1.286410602E0
8.307779792E0,3.173491511E-1,-3.022589493E-1,1.251680710E0,1.326188356E0
8.317725792E0,1.133836511E-1,-4.463173860E-1,1.166290897E0,1.253909692E0
8.327671792E0,-7.506012261E-2,-3.424322444E-1,1.024201802E0,1.082535540E0
8.337618792E0,-1.988664356E-1,5.606076479E-2,1.013490288E0,1.034337098E0
8.347564792E0,-9.108938724E-2,3.557124406E-1,1.084073197E0,1.144571236E0
8.357510792E0,9.874719322E-2,3.747936594E-1,1.181915241E0,1.243842809E0
8.367456792E0,3.644975898E-1,3.060192937E-1,9.504268974E-1,1.062928779E0
8.377403792E0,4.513299116E-1,4.169088149E-1,6.418377525E-1,8.885197519E-1
8.387349792E0,4.884831199E-1,7.661934114E-1,3.054924595E-1,9.586416144E-1
8.397295792E0,5.371717152E-1,1.160716746E0,8.056995392E-2,1.281525783E0
8.407242792E0,6.602538505E-1,1.559778689E0,9.550374269E-2,1.696456799E0
8.417188792E0,7.144452605E-1,1.894265152E0,3.093855357E-1,2.048021462E0
8.427134792E0,6.971261001E-1,2.181248251E0,4.680187422E-1,2.337278390E0
8.437081792E0,6.652593595E-1,2.332139159E0,6.604494399E-1,2.513490906E0
8.447027792E0,6.829901639E-1,2.395853929E0,7.947389334E-1,2.614995523E0
8.456973792E0,6.795812371E-1,2.342010428E0,8.840148067E-1,2.593901633E0
8.466919792E0,5.994094786E-1,2.133383528E0,8.170636028E-1,2.361823434E0
8.476866792E0,5.091030335E-1,1.919574825E0,7.433436620E-1,2.120498340E0
8.486812792E0,2.704568204E-1,1.703769298E0,7.971251822E-1,1.900364510E0
8.496758792E0,8.042728186E-2,1.513923655E0,7.636510420E-1,1.697526522E0
8.506705792E0,-3.362558305E-2,1.304165903E0,6.260157716E-1,1.447022850E0
8.516651792E0,-7.243413806E-2,1.015506408E0,5.823370707E-1,1.172866758E0
8.526597792E0,1.246801794E-2,6.972956693E-1,6.591408330E-1,9.596058252E-1
8.536543792E0,5.721091211E-1,1.703334850E-1,7.968567950E-1,9.956420512E-1
8.546490792E0,1.624467605E0,-7.092771989E-1,1.130745088E0,2.102511260E0
8.556436792E0,2.927051252E0,-2.113967848E0,1.497249150E0,3.908739453E0
8.566382792E0,4.230740021E0,-3.872344878E0,1.891054446E0,6.039064738E0
8.576329792E0,4.700680743E0,-5.732716060E0,1.898641208E0,7.652795000E0
8.586275792E0,3.960242271E0,-7.418902781E0,1.841546656E0,8.609002927E0
8.596221792E0,2.643733188E0,-8.901967170E0,1.571356176E0,9.418253814E0
8.606168792E0,1.495916569E0,-1.034958808E1,1.290205091E0,1.053643056E1
8.616114792E0,7.476846349E-1,-1.159916262E1,1.086066513E0,1.167386595E1
8.626060792E0,5.197081286E-1,-1.218336378E1,1.013142963E0,1.223645816E1
8.636006792E0,1.141526476E0,-1.142450746E1,1.498676455E0,1.157879460E1
8.645953792E0,2.474781400E0,-9.734339368E0,2.935157831E0,1.046408416E1
8.655899792E0,4.174238669E0,-8.485990986E0,4.912200261E0,1.065673603E1
8.665845792E0,6.226811045E0,-8.608884256E0,6.392109493E0,1.239940030E1
8.675792792E0,8.259834133E0,-1.018680159E1,7.117548396E0,1.492163804E1
8.685738792E0,1.032969351E1,-1.301040566E1,6.948562694E0,1.800710268E1
8.695684542E0,1.198888071E1,-1.611410305E1,5.951304277E0,2.094792592E1
8.705631542E0,1.206450626E1,-1.765830593E1,5.690423734E0,2.213027342E1
8.715577542E0,9.088255368E0,-1.679546623E1,5.834696764E0,1.996816861E1
8.725523542E0,4.369497957E0,-1.379857992E1,6.002282642E0,1.566910072E1
8.735469542E0,2.797617871E-1,-1.026414388E1,5.026886964E0,1.143243233E1
8.745416542E0,-3.078974486E0,-6.510415623E0,3.184089881E0,7.874263384E0
8.755362542E0,-5.238546231E0,-1.546458732E0,-4.205715108E-1,5.478209709E0
8.765308542E0,-6.520616675E0,2.404934070E0,-6.279967498E0,9.366970774E0
8.775255542E0,-4.211168806E0,3.970072902E0,-7.449374376E0,9.433376922E0
8.785201542E0,-4.010023418E-1,4.350279329E0,-5.210032284E0,6.799277132E0
8.795147542E0,-2.026604015E-1,5.193534365E0,-3.129408767E0,6.066883027E0
8.805094542E0,-1.855458936E0,7.080931962E0,5.334023076E-1,7.339403473E0
8.815040542E0,-2.000914273E0,9.113929322E0,7.007053562E0,1.166902589E1
8.824986542E0,-1.880822403E0,1.101085905E1,7.873565313E0,1.366636531E1
8.834932542E0,-2.657047590E0,1.340803036E1,4.824272171E0,1.449512959E1
8.844879542E0,-2.829255400E0,1.560309967E1,2.633656096E0,1.607474883E1
8.854825542E0,-1.948836924E0,1.754481381E1,1.037878878E0,1.768320247E1
8.864771542E0,-1.657809891E0,1.959729877E1,6.341173813E-2,1.966739621E1
8.874718542E0,-2.164756471E0,2.038881063E1,-1.612978557E0,2.056675641E1
8.884664542E0,-3.355356582E0,1.856409109E1,-2.522712196E0,1.903281305E1
8.894610542E0,-5.260916508E0,1.573799961E1,-3.466553959E0,1.695225267E1
8.904556542E0,-7.377410354E0,1.295587219E1,-5.761685506E0,1.598367378E1
8.914503542E0,-9.009730185E0,1.021046177E1,-5.547027787E0,1.470368269E1
8.924449542E0,-8.173646175E0,8.581667807E0,-3.394821487E0,1.232794902E1
8.934395542E0,-6.122468067E0,8.687947383E0,-3.713170804E0,1.125844938E1
8.944342542E0,-4.833527729E0,8.824176398E0,-4.205084778E0,1.090466952E1
8.954288542E0,-4.092394607E0,8.279838043E0,-3.332985720E0,9.818971710E0
8.964234542E0,-3.607042671E0,7.128195006E0,-2.359122597E0,8.329908781E0
8.974181542E0,-2.775375647E0,5.755281050E0,-2.608221878E0,6.901361555E0
8.984127542E0,-2.032405037E0,4.046194294E0,-4.755947164E0,6.566688049E0
8.994073542E0,-1.461788418E0,1.463808923E0,-7.177638477E0,7.469809640E0
9.004019542E0,-7.149235627E-1,-1.405831441E0,-8.424257838E0,8.570624123E0
9.013966542E0,-7.055572003E-2,-1.973354591E0,-7.271645333E0,7.534980577E0
9.023912542E0,-8.336872369E-1,5.298746824E-3,-5.179807441E0,5.246471921E0
9.033858542E0,-1.301129736E0,3.413059537E0,-3.572054687E0,5.108961605E0
9.043805542E0,-1.358280422E0,6.100353312E0,-2.004389858E0,6.563292995E0
9.053751542E0,-2.251040617E0,7.376069587E0,-9.098121375E-1,7.765394037E0
9.063697542E0,-3.151777583E0,7.726318390E0,5.513273858E-1,8.362634733E0
9.073644542E0,-3.319807265E0,7.769343957E0,1.838251750E0,8.646559737E0
9.083590542E0,-3.003514706E0,8.281067712E0,1.714794516E0,8.974280098E0
9.093536542E0,-3.259525395E0,8.806092129E0,1.470603680E0,9.504443149E0
9.103482542E0,-3.800081771E0,9.422521391E0,1.311376397E0,1.024422954E1
9.113429542E0,-3.508777288E0,1.042880499E1,7.540037209E-1,1.102905314E1
9.123375542E0,-2.699053403E0,1.190741497E1,-1.309998500E-1,1.221018351E1
9.133321542E0,-2.857019734E0,1.319789663E1,-8.529696000E-1,1.353050606E1
9.143268542E0,-4.044512927E0,1.419627830E1,-5.960525921E-1,1.477320822E1
9.153214542E0,-4.120900368E0,1.475205264E1,-1.186558223E0,1.536270800E1
9.163160542E0,-4.235432704E0,1.487306544E1,-2.262500867E0,1.562900752E1
9.173107542E0,-4.317045217E0,1.427043386E1,-2.844829752E0,1.517811642E1
9.183053542E0,-4.616600121E0,1.309724383E1,-2.852317988E0,1.417697113E1
9.192999542E0,-5.200864434E0,1.283132182E1,-3.420275294E0,1.426148988E1
9.202945542E0,-3.727545015E0,1.273027024E1,-5.237959170E0,1.426150723E1
9.212892542E0,6.028476414E-1,1.156831622E1,-5.550235569E0,1.284501772E1
9.222838542E0,7.066425020E0,9.324630230E0,-4.365508694E0,1.248762418E1
9.232784542E0,1.413864229E1,-2.070497893E0,1.445457788E1,2.032542716E1
9.242731542E0,1.631569400E1,-2.154714872E1,1.810576995E1,3.253152923E1
9.252677542E0,1.842991854E1,-5.214907575E1,1.394431008E1,5.704061520E1
9.262623542E0,1.604623091E1,-6.738111930E1,1.863844194E1,7.172927076E1
9.272569542E0,4.738193555E0,-3.316301450E1,1.183435985E1,3.552869378E1
9.282516542E0,5.492769134E0,-2.005475218E1,1.377546939E1,2.494247691E1
9.292462542E0,8.659629902E0,-1.339242180E0,4.560408964E0,9.878263490E0
9.302408542E0,-8.001446843E-2,6.801200581E0,-8.557498925E0,1.093130914E1
9.312355542E0,-5.991972831E0,7.099289880E0,-1.050587597E1,1.402416076E1
9.322301542E0,-7.937305811E0,-1.019960232E0,-4.394301846E0,9.129678588E0
9.332247542E0,-1.012782892E1,-5.528137772E0,-4.348727478E0,1.233063893E1
9.342194542E0,-7.801997148E0,-9.384441399E0,-9.297060608E0,1.534191109E1
9.352140542E0,2.511074775E0,-1.092286898E1,-9.998151705E0,1.501924102E1
9.362086542E0,5.828371246E0,-8.689632550E0,-3.532939153E0,1.104360830E1
9.372032542E0,5.603281510E0,-6.443085519E0,5.357065199E0,1.008009237E1
9.381979542E0,7.729467700E0,-4.392951724E0,1.404947108E1,1.662619420E1
9.391925542E0,1.445764533E1,-1.617874870E0,1.730674092E1,2.260894311E1
9.401871542E0,1.762046859E1,1.834288507E0,1.205181430E1,2.142642657E1
9.411818542E0,1.130755145E1,2.869970148E0,-3.343145549E-2,1.166612901E1
9.421764542E0,2.318359026E0,3.696785152E-2,-2.798646396E0,3.634360582E0
9.431710542E0,-5.519903138E0,8.405927986E-1,-3.348360096E0,6.510563896E0
9.441657542E0,-9.452703549E0,3.102715643E0,-2.938213001E0,1.037369483E1
9.451603542E0,-8.412316069E0,3.269544892E0,2.935208702E-1,9.030124027E0
9.461549542E0,-4.454743930E0,2.289277899E0,1.415457128E0,5.204714753E0
9.471495542E0,-1.850152588E0,4.441445607E-1,-4.541415453E-1,1.956162962E0
9.481442542E0,-6.761193931E-2,6.330604970E-2,-1.921196258E0,1.923427694E0
9.491388542E0,2.088525444E0,1.759655231E-1,-1.576264914E0,2.622501377E0
9.501334542E0,4.651786911E0,-9.728503847E-1,3.812560022E-1,4.767694985E0
9.511281542E0,7.273869029E0,-1.953656491E0,3.348826704E0,8.242607878E0
9.521227542E0,7.161072146E0,-2.390027763E0,4.542593082E0,8.810694575E0
9.531173542E0,3.456939383E0,-3.188370336E0,3.158670573E0,5.665097976E0
9.541120542E0,7.639568514E-1,-3.861572553E0,1.598097832E0,4.248445520E0
9.551066542E0,1.679010433E-1,-3.321754680E0,6.709036767E-1,3.392986393E0
9.561012542E0,1.320371461E-1,-1.241914691E0,7.033498764E-1,1.433348163E0
9.570958542E0,-1.693833125E-1,7.196969372E-1,5.353266263E-1,9.128137733E-1
9.580905542E0,-1.728477877E-1,2.265291451E0,2.440370536E-1,2.284945469E0
9.590851542E0,1.480561781E-1,2.957902915E0,2.199196279E-2,2.961687684E0
9.600797542E0,7.193887889E-1,2.666574751E0,-2.162048918E-1,2.770358404E0
9.610744542E0,9.730550373E-1,1.830557399E0,-8.511791825E-2,2.074854587E0
9.620690542E0,6.937633663E-1,1.477914746E0,1.614889866E-1,1.640615220E0
9.630636542E0,4.402649331E-1,1.516240321E0,5.923656303E-1,1.686331807E0
9.640582542E0,-1.129015481E-1,1.602607205E0,1.219266086E0,2.016855573E0
9.650529542E0,-6.438930488E-1,1.653468626E0,1.629779216E0,2.409302191E0
9.660475542E0,-1.301104885E0,1.670503319E0,1.746498996E0,2.744761193E0
9.670421542E0,-1.602122471E0,1.734050274E0,1.341898570E0,2.715588064E0
9.680368542E0,-1.715391809E0,1.538667902E0,6.899082971E-1,2.405419179E0
9.690314333E0,-1.324813006E0,1.308591660E0,1.866887319E-1,1.871468492E0
9.700260333E0,-5.916908616E-1,1.031150048E0,-1.141902745E-2,1.188906595E0
9.710207333E0,6.792301118E-2,6.191090405E-1,1.723367411E-1,6.462271209E-1
9.720153333E0,7.190291852E-1,2.638485897E-1,5.544207090E-1,9.455164567E-1
9.730099333E0,1.093614099E0,-5.185135424E-2,8.881248146E-1,1.409768083E0
9.740045333E0,1.091612012E0,-2.985488909E-1,9.754594123E-1,1.494078074E0
9.749992333E0,7.149612772E-1,-3.549832928E-1,8.294708097E-1,1.151175308E0
9.759938333E0,2.001110154E-1,-2.118756133E-1,5.850338066E-1,6.536055759E-1
9.769884333E0,-2.021218729E-1,-3.459739029E-2,3.522602445E-1,4.075996943E-1
9.779831333E0,-3.816150212E-1,8.699019670E-2,1.106404299E-1,4.067414701E-1
9.789777333E0,-4.851569313E-1,9.340868533E-2,-4.156493247E-2,4.958125392E-1
9.799723333E0,-4.890073228E-1,3.289643526E-2,-9.896412492E-2,5.000042352E-1
9.809670333E0,-4.255860829E-1,-3.016929388E-2,-6.047248900E-2,4.309183475E-1
9.819616333E0,-2.327437413E-1,-1.217682660E-1,-4.414647818E-3,2.627101993E-1
9.829562333E0,-6.509822130E-2,-2.438663149E-1,-4.582579851E-2,2.565317948E-1
9.839509333E0,9.647379577E-2,-4.077403808E-1,-1.087956333E-1,4.328924823E-1
9.849455333E0,2.191524732E-1,-6.550308251E-1,-1.811870867E-1,7.140881940E-1
9.859401333E0,2.348253500E-1,-8.075864357E-1,-2.312024152E-1,8.722346891E-1
9.869347333E0,2.049887627E-1,-8.961764306E-1,-2.271233976E-1,9.469623146E-1
9.879294333E0,1.060994822E-1,-8.693342024E-1,-2.325963914E-1,9.061457592E-1
9.889240333E0,-7.295570970E-3,-8.170869917E-1,-2.346166044E-1,8.501348884E-1
9.899186333E0,-4.445053339E-3,-7.584242159E-1,-2.280332243E-1,7.919761368E-1
9.909133333E0,4.532001436E-2,-6.814023525E-1,-2.480716324E-1,7.265690638E-1
9.919079333E0,8.380814195E-3,-6.080192113E-1,-2.219556284E-1,6.473190097E-1
9.929025333E0,-7.837432444E-2,-5.706087255E-1,-1.715397656E-1,6.009681719E-1
9.938971333E0,-1.174448347E-1,-5.286654782E-1,-1.583139485E-1,5.642196233E-1
9.948918333E0,-1.404132825E-1,-4.532211936E-1,-1.320120031E-1,4.924962022E-1
9.958864333E0,-1.513721341E-1,-3.698358053E-1,-9.882086813E-2,4.116522924E-1
9.968810333E0,-1.797013092E-1,-2.551847702E-1,-3.280989647E-2,3.138284831E-1
9.978757333E0,-1.773635924E-1,-8.914898872E-2,4.493702173E-2,2.035306415E-1
9.988703333E0,-1.881809413E-1,-3.359810114E-3,4.578720689E-2,1.937003441E-1
9.998649333E0,-1.444502002E-1,1.670783401E-2,-1.042693037E-1,1.789332271E-1
1.000859633E1,-1.407854578E-1,-3.294496715E-2,-2.272116905E-1,2.693159266E-1
1.001854233E1,-1.844287831E-1,-8.674812198E-2,-1.942187762E-1,2.815317846E-1
1.002848833E1,-2.254329675E-1,-8.348654509E-3,-1.486198497E-1,2.701436333E-1
1.003843433E1,-1.516177171E-1,1.107503575E-1,-3.388636887E-2,1.907927143E-1
1.004838133E1,6.154340655E-2,2.398434305E-1,6.590923011E-2,2.562352214E-1
1.005832733E1,3.200002787E-1,3.675302482E-1,2.175491667E-1,5.336724666E-1
1.006827333E1,4.413884756E-1,3.710555345E-1,2.782894582E-1,6.402741745E-1
1.007822033E1,4.735586867E-1,2.213311458E-1,3.096258563E-1,6.075470983E-1
1.008816633E1,4.348296538E-1,7.913270831E-2,3.776991409E-1,5.813737648E-1
1.009811233E1,3.028711528E-1,1.639489102E-1,4.037210047E-1,5.306607485E-1
1.010805933E1,3.703670248E-1,3.528262550E-1,5.318966496E-1,7.379513162E-1
1.011800533E1,4.199458587E-1,7.222030538E-1,7.096946901E-1,1.096174406E0
1.012795133E1,4.099903893E-1,1.083008419E0,8.706211746E-1,1.448785900E0
1.013789733E1,3.506347185E-1,1.349019894E0,1.000647463E0,1.715836451E0
1.014784433E1,1.912135997E-1,1.510009528E0,1.070792416E0,1.860991084E0
1.015779033E1,-1.326607516E-1,1.628167139E0,1.066260239E0,1.950753189E0
1.016773633E1,-3.765466547E-1,1.639265154E0,9.947370976E-1,1.954093018E0
1.017768333E1,-4.235626540E-1,1.507899268E0,9.046490461E-1,1.808744156E0
1.018762933E1,-2.521708229E-1,1.311941530E0,7.521764660E-1,1.533150397E0
1.019757533E1,-2.221357226E-2,1.135199497E0,7.022774971E-1,1.335052442E0
1.020752233E1,2.656354988E-1,1.117418699E0,6.994135308E-1,1.344755016E0
1.021746833E1,4.926349354E-1,1.237487179E0,7.306458485E-1,1.519179731E0
1.022741433E1,6.898331603E-1,1.329466220E0,6.589005125E-1,1.636306849E0
1.023736033E1,8.964898413E-1,1.327561197E0,5.773534888E-1,1.702777090E0
1.024730733E1,1.082775700E0,1.317071292E0,5.031751263E-1,1.777713479E0
1.025725333E1,1.181883959E0,1.248932519E0,5.768026811E-1,1.813665753E0
1.026719933E1,1.189588250E0,1.032486137E0,6.140167004E-1,1.690610640E0
1.027714633E1,1.341174100E0,7.748034364E-1,7.001274759E-1,1.699778460E0
1.028709233E1,1.563650131E0,5.497774351E-1,1.250789010E0,2.076470589E0
1.029703833E1,1.750072814E0,3.759426373E-1,1.747212941E0,2.501367782E0
1.030698533E1,1.875481557E0,3.563299066E-1,1.759407894E0,2.596135245E0
1.031693133E1,2.028947871E0,4.062060714E-1,1.198077530E0,2.391029612E0
1.032687733E1,2.228266589E0,5.503580636E-1,4.719685364E-1,2.343249941E0
1.033682333E1,1.962189040E0,8.084892458E-1,1.160543668E-1,2.125396271E0
1.034677033E1,1.478469647E0,1.167117108E0,4.614973426E-2,1.884188058E0
1.035671633E1,1.116575823E0,1.550098624E0,1.270857239E-1,1.914601288E0
1.036666233E1,9.144405010E-1,1.773093887E0,2.806137264E-1,2.014648214E0
1.037660933E1,1.004254318E0,1.697412205E0,8.932978463E-1,2.165113386E0
1.038655533E1,1.330276644E0,8.168601197E-1,1.707204537E0,2.313318771E0
1.039650133E1,1.790715056E0,-1.114250093E0,2.374104041E0,3.175623353E0
1.040644733E1,2.164043988E0,-4.059800180E0,2.906974837E0,5.442018613E0
1.041639433E1,2.375755295E0,-8.163339288E0,3.352303458E0,9.139051374E0
1.042634033E1,3.207884248E0,-1.358979106E1,3.161183122E0,1.431663442E1
1.043628633E1,5.173058585E0,-1.886316681E1,1.919681829E0,1.965361991E1
1.044623333E1,6.344033101E0,-1.985546270E1,9.069627893E-1,2.086405369E1
1.045617933E1,5.440144193E0,-1.661460249E1,2.133698985E0,1.761229276E1
1.046612533E1,5.274376214E0,-1.284931721E1,4.938685809E0,1.474159471E1
1.047607233E1,6.968030999E0,-1.114970002E1,5.816787912E0,1.437721420E1
1.048601833E1,8.323082880E0,-1.132438442E1,5.917121454E0,1.524885954E1
1.049596433E1,8.934968855E0,-1.301522026E1,4.924893397E0,1.653735776E1
1.050591033E1,8.436479103E0,-1.483808857E1,4.843064830E0,1.774255700E1
1.051585733E1,7.560055152E0,-1.546923235E1,4.974294183E0,1.792191915E1
1.052580333E1,4.795840962E0,-1.431271741E1,4.298768575E0,1.569501136E1
1.053574933E1,4.911292773E-1,-1.175312449E1,2.568397661E0,1.204050704E1
1.054569633E1,-2.225426596E0,-7.453135305E0,2.755912605E-1,7.783167733E0
1.055564233E1,-2.037671332E0,-1.994244938E0,-1.480342218E0,3.212558235E0
1.056558833E1,-7.854652494E-1,2.711345712E0,-2.189669703E0,3.572534763E0
1.057553433E1,1.906046122E-1,5.629662393E0,-1.455605865E0,5.817922070E0
1.058548133E1,-4.229945970E-1,6.911185538E0,-8.957875907E-2,6.924697417E0
1.059542733E1,-2.708622956E0,7.728926833E0,1.436526400E-1,8.191067353E0
1.060537333E1,-4.797921986E0,7.739988595E0,-5.112963241E-1,9.120795073E0
1.061532033E1,-4.386561594E0,8.248877036E0,2.356124437E0,9.635207177E0
1.062526633E1,-3.584262503E0,9.572468559E0,4.614113300E0,1.121468384E1
1.063521233E1,-3.997845714E0,1.112687015E1,1.113746501E0,1.187562381E1
1.064515933E1,-4.293437668E0,1.305738102E1,-1.357273824E0,1.381198749E1
1.065510533E1,-3.970267906E0,1.546518257E1,-1.700854461E0,1.605701731E1
1.066505133E1,-3.719398089E0,1.770569878E1,-2.138103985E0,1.821804545E1
1.067499733E1,-4.039521744E0,1.902928738E1,-2.076214423E0,1.956379770E1
1.068494433E1,-4.645152952E0,1.911281018E1,-2.191396824E0,1.979088626E1
1.069489046E1,-5.322601125E0,1.799739532E1,-2.373877315E0,1.891749493E1
1.070483646E1,-5.893077704E0,1.583207079E1,-2.419778396E0,1.706570121E1
1.071478346E1,-5.251774971E0,1.270917465E1,-3.607734689E0,1.421689172E1
1.072472946E1,-3.330843300E0,9.645931222E0,-4.613272763E0,1.119914246E1
1.073467546E1,-2.272965921E0,8.017016809E0,-4.328025118E0,9.389927264E0
1.074462246E1,-2.573518361E0,6.869855078E0,-3.737598132E0,8.233319218E0
1.075456846E1,-2.931244290E0,5.432603624E0,-2.689597578E0,6.733447137E0
1.076451446E1,-2.647358754E0,3.446834809E0,-2.332483852E0,4.932510466E0
1.077446046E1,-2.795031647E0,1.206715622E0,-4.813075046E0,5.695090508E0
1.078440746E1,-2.779231301E0,-6.497274005E-1,-7.403945603E0,7.935028848E0
1.079435346E1,-2.147118053E0,-9.470723498E-1,-6.211280841E0,6.639809609E0
1.080429946E1,-2.409403974E0,5.182001317E-1,-4.370309843E0,5.017306749E0
1.081424646E1,-3.440164306E0,3.691697490E0,-2.749585918E0,5.746614962E0
1.082419246E1,-3.610802723E0,6.300197110E0,-1.022956637E0,7.333268045E0
1.083413846E1,-3.391606103E0,7.761622124E0,1.626923436E-1,8.471849783E0
1.084408546E1,-3.507968326E0,8.406633160E0,3.985754550E-1,9.117904653E0
1.085403146E1,-3.843720126E0,8.811447009E0,-9.385073483E-2,9.613770892E0
1.086397746E1,-3.849789244E0,8.985856004E0,-1.255958533E0,9.856161382E0
1.087392346E1,-4.227751802E0,8.967031478E0,-1.681233837E0,1.005525166E1
1.088387046E1,-4.413600289E0,9.180337905E0,-1.707885446E0,1.032837568E1
1.089381646E1,-3.899787031E0,9.897132869E0,-1.182200001E0,1.070323198E1
1.090376246E1,-3.307922507E0,1.104318246E1,-1.324193786E0,1.160378039E1
1.091370946E1,-2.668882940E0,1.233395064E1,-2.158453757E0,1.280266367E1
1.092365546E1,-2.892168517E0,1.317074801E1,-2.965301982E0,1.380674682E1
1.093360146E1,-3.716901328E0,1.318542335E1,-3.375607244E0,1.410905626E1
1.094354846E1,-3.405958679E0,1.272134037E1,-3.699787112E0,1.367923536E1
1.095349446E1,-3.569996467E0,1.192547351E1,-4.139957321E0,1.311872859E1
1.096344046E1,-3.597984164E0,1.154144008E1,-3.768629306E0,1.266305239E1
1.097338646E1,-4.056970713E0,1.145533866E1,-2.161930512E0,1.234332770E1
1.098333346E1,-4.404544414E0,1.156368055E1,-1.257304562E0,1.243782674E1
1.099327946E1,-2.750749514E0,1.110993661E1,-1.248319731E0,1.151328001E1
1.100322546E1,1.660284725E0,1.015359643E1,2.478393225E0,1.058274533E1
1.101317246E1,9.116803814E0,5.701034092E0,1.230901109E1,1.634410155E1
1.102311846E1,1.669475963E1,-9.732852421E0,1.598836452E1,2.508129214E1
1.103306446E1,2.277597618E1,-3.112382611E1,1.042601236E0,3.858140303E1
1.104301046E1,2.016556159E1,-5.817784043E1,-7.160514906E-1,6.157778594E1
1.105295746E1,1.534656127E0,-5.500045409E1,1.433438368E1,5.685841781E1
1.106290346E1,-1.092746606E1,-2.624245588E1,1.632353628E1,3.278008300E1
1.107284946E1,-7.027411813E0,-2.355004930E1,7.877149656E0,2.580772802E1
1.108279646E1,-1.205318137E0,-1.250232589E1,2.799086106E0,1.286840423E1
1.109274246E1,-2.492225398E0,-3.161595351E-1,-4.305996026E0,4.985252858E0
1.110268846E1,-6.346228731E-1,1.035887346E1,-6.707145778E0,1.235697414E1
1.111263546E1,5.421860535E0,1.365825844E1,-4.288637981E0,1.530807013E1
1.112258146E1,7.650949534E0,5.239185916E0,-3.951686332E0,1.007977791E1
1.113252746E1,4.936377913E0,-9.204652382E0,-7.061394076E0,1.260780467E1
1.114247346E1,4.759403746E0,-1.434463385E1,-2.580697280E0,1.533233325E1
1.115242046E1,4.474038572E0,-1.231388299E1,2.798642303E0,1.339705692E1
1.116236646E1,4.369173437E0,-8.431582645E0,5.938683647E0,1.120041186E1
1.117231246E1,6.568993029E0,-3.643679570E0,7.968026497E0,1.095068566E1
1.118225946E1,8.780380168E0,1.710574288E0,7.223985263E0,1.149813478E1
1.119220546E1,6.853667647E0,4.375510064E0,3.440651963E0,8.829265794E0
1.120215146E1,1.711558374E0,5.355834945E0,1.097719429E0,5.728820818E0
1.121209846E1,-1.196664843E0,4.162556224E0,-6.663264763E-1,4.382108173E0
1.122204446E1,-2.084075713E0,2.335895410E0,-2.127229918E0,3.784823122E0
1.123199046E1,-3.639430398E0,2.745171270E0,-1.229770024E0,4.721626122E0
1.124193646E1,-3.598872356E0,2.848719027E0,-6.533503354E-2,4.590354126E0
1.125188346E1,-2.385716611E0,2.035134518E0,8.873599988E-1,3.258960574E0
1.126182946E1,-9.325127828E-1,9.404790294E-1,1.608207083E0,2.083365287E0
1.127177546E1,6.541309386E-1,-4.676942217E-1,1.727723587E0,1.905689891E0
1.128172246E1,2.451679636E0,-1.473924606E0,1.327112131E0,3.153476398E0
1.129166846E1,3.387743433E0,-2.083012104E0,6.156164986E-1,4.024267469E0
1.130161446E1,2.967347338E0,-2.226548384E0,-1.063725471E-1,3.711331709E0
1.131156146E1,2.344589050E0,-1.621741049E0,2.506894308E-1,2.861815339E0
1.132150746E1,1.288221715E0,-7.656478661E-1,1.722340640E0,2.283021928E0
1.133145346E1,4.279623914E-1,-4.297498852E-1,2.673842840E0,2.741764451E0
1.134139946E1,1.232721698E-1,-3.331304938E-1,2.748788942E0,2.771644386E0
1.135134646E1,2.060944712E-1,-3.925996006E-2,2.483044685E0,2.491892290E0
1.136129246E1,5.001719964E-1,1.062252558E0,1.755407814E0,2.111873366E0
1.137123846E1,4.443176383E-1,1.711596966E0,6.592840898E-1,1.887230205E0
1.138118546E1,3.306723243E-1,2.021888235E0,-2.121241200E-1,2.059702130E0
1.139113146E1,3.028465945E-1,1.932832217E0,-4.592987895E-1,2.009604891E0
1.140107746E1,3.850473368E-1,1.230127289E0,-4.659663695E-1,1.370620026E0
1.141102346E1,4.719270211E-1,9.758652091E-1,-2.874093604E-1,1.121442000E0
1.142097046E1,3.470386809E-1,8.906613368E-1,9.816890359E-3,9.559340114E-1
1.143091646E1,2.366186911E-1,1.339843858E0,3.984164107E-1,1.417711397E0
1.144086246E1,4.808750153E-2,1.465197637E0,8.163514119E-1,1.677958924E0
1.145080946E1,-4.012037784E-1,1.467012613E0,1.199334682E0,1.936877424E0
1.146075546E1,-5.350237405E-1,1.327443084E0,1.483368444E0,2.061246585E0
1.147070146E1,-8.455272639E-1,1.034653700E0,1.236950989E0,1.820843866E0
1.148064846E1,-7.929859382E-1,1.010428686E0,8.088821787E-1,1.517920685E0
1.149059446E1,-1.036520716E0,8.498214591E-1,3.088914460E-1,1.375494686E0
1.150054046E1,-1.072562953E0,8.810169393E-1,-1.153187871E-2,1.388061641E0
1.151048646E1,-8.224980050E-1,8.066549742E-1,-1.447636110E-1,1.161099358E0
1.152043346E1,-8.189072299E-1,8.329902488E-1,-6.949766636E-2,1.170175940E0
1.153037946E1,-4.307901049E-1,8.917243606E-1,2.270456296E-1,1.016022720E0
1.154032546E1,-1.604388267E-1,8.851064819E-1,5.426900250E-1,1.050555360E0
1.155027246E1,6.591332316E-2,7.630166191E-1,6.924302012E-1,1.032472039E0
1.156021846E1,4.396521449E-3,4.053091085E-1,6.572299629E-1,7.721696880E-1
1.157016446E1,-9.447755635E-2,3.973767757E-2,4.259035867E-1,4.380627317E-1
1.158011146E1,-2.290442079E-1,-3.559322959E-1,3.347338003E-1,5.396255790E-1
1.159005746E1,-6.440532625E-2,-6.088115090E-1,2.561635941E-1,6.636409319E-1
1.160000346E1,1.488660175E-1,-7.904768980E-1,7.198858023E-2,8.075872541E-1
1.160994946E1,2.477365869E-1,-8.440046489E-1,-9.327361465E-2,8.845435157E-1
1.161989646E1,2.456438684E-1,-7.804378134E-1,-7.115242839E-2,8.212714282E-1
1.162984246E1,3.019548941E-1,-8.081764197E-1,2.701764464E-2,8.631661697E-1
1.163978846E1,4.623785180E-1,-9.198529762E-1,1.127255470E-1,1.035678734E0
1.164973546E1,5.436875600E-1,-1.036387984E0,9.037398040E-2,1.173824379E0
1.165968146E1,5.420626187E-1,-1.123464720E0,-5.584558725E-2,1.248648705E0
1.166962746E1,5.157688594E-1,-1.190706530E0,-1.987474447E-1,1.312745255E0
1.167957446E1,4.150008684E-1,-1.221133686E0,-3.116285276E-1,1.326840435E0
1.168952046E1,4.110025424E-1,-1.171248166E0,-2.314959455E-1,1.262670079E0
1.169946671E1,3.829212892E-1,-1.138494403E0,-1.227792495E-1,1.207424102E0
1.170941271E1,3.921189594E-1,-1.112238650E0,-1.526824951E-2,1.179434277E0
1.171935971E1,4.033385968E-1,-1.104108097E0,2.736263037E-2,1.175791405E0
1.172930571E1,3.128500110E-1,-1.050417793E0,6.065901518E-3,1.096033515E0
1.173925171E1,2.054857761E-1,-9.105711061E-1,-1.029753149E-2,9.335256732E-1
1.174919871E1,1.220354837E-1,-7.379864430E-1,-3.606796503E-2,7.488775250E-1
1.175914471E1,-2.468343616E-2,-6.237721950E-1,-2.532429099E-2,6.247738335E-1
1.176909071E1,-1.089114082E-1,-5.337139642E-1,7.347084939E-2,5.496455732E-1
1.177903771E1,-5.608649254E-3,-5.674325180E-1,2.108137590E-1,6.053540785E-1
1.178898371E1,2.759651899E-2,-6.223589230E-1,2.226075929E-1,6.615484391E-1
1.179892971E1,3.003597736E-2,-5.723126042E-1,9.991897523E-2,5.817453725E-1
1.180887571E1,3.696025014E-2,-4.246078438E-1,-4.761387706E-3,4.262400168E-1
1.181882271E1,3.152350903E-2,-2.921760106E-1,-9.097565889E-2,3.076314732E-1
1.182876871E1,4.536094487E-2,-1.399057442E-1,-6.955789268E-2,1.626946004E-1
1.183871471E1,-1.995537758E-2,3.174453378E-3,6.634484768E-2,6.935368096E-2
1.184866171E1,-4.405818522E-2,9.587036312E-2,7.562262475E-2,1.298115233E-1
1.185860771E1,-2.766376197E-2,1.607838124E-1,7.557701647E-2,1.798015669E-1
1.186855371E1,6.279266417E-2,1.825898337E-1,2.339880288E-2,1.944979949E-1
1.187849971E1,9.002373219E-2,1.093505341E-1,2.641128838E-2,1.440811154E-1
1.188844671E1,9.822912991E-2,-9.321397305E-2,9.208253682E-2,1.637589702E-1
1.189839271E1,2.045215702E-1,-2.282279366E-1,7.018003643E-2,3.143919548E-1
1.190833871E1,2.722258955E-1,-1.711772382E-1,1.135295391E-2,3.217723957E-1
1.191828571E1,1.386678886E-1,-1.017766356E-2,1.350911468E-1,1.938607390E-1
1.192823171E1,9.530552208E-2,1.448747081E-1,4.087092644E-1,4.439764480E-1
1.193817771E1,1.984831506E-1,2.553958547E-1,5.698889333E-1,6.552831449E-1
1.194812471E1,3.267155135E-1,3.584343195E-1,5.586669570E-1,7.398154885E-1
1.195807071E1,3.947952300E-1,4.535240793E-1,5.483431131E-1,8.137736380E-1
1.196801671E1,3.121044910E-1,5.574788028E-1,6.244709373E-1,8.933956460E-1
1.197796271E1,2.057617646E-1,6.286569589E-1,6.328324556E-1,9.154367224E-1
1.198790971E1,2.124574113E-1,6.674362779E-1,5.467520857E-1,8.885646740E-1
1.199785571E1,1.437461954E-1,6.948018318E-1,5.005134737E-1,8.682892903E-1
1.200780171E1,6.084554136E-2,7.912300193E-1,5.065846378E-1,9.414749697E-1
1.201774871E1,-1.272547084E-1,7.728311706E-1,5.429782927E-1,9.530410303E-1
1.202769471E1,-4.316660178E-1,6.726940942E-1,5.872978485E-1,9.918526393E-1
1.203764071E1,-4.336686891E-1,6.407548481E-1,6.105937403E-1,9.856267159E-1
1.204758771E1,-2.865585905E-1,6.113836992E-1,5.777049065E-1,8.886218613E-1
1.205753371E1,1.768490374E-2,6.980324185E-1,5.920966583E-1,9.155001179E-1
1.206747971E1,4.347036463E-1,8.378422683E-1,6.169993651E-1,1.127668011E0
1.207742571E1,7.806570840E-1,9.464829504E-1,6.665018928E-1,1.396237885E0
1.208737271E1,9.418408459E-1,1.066112305E0,6.256415498E-1,1.554055010E0
1.209731871E1,8.169221002E-1,1.158941531E0,5.684253752E-1,1.527617294E0
1.210726471E1,6.108767456E-1,1.380894236E0,5.307488412E-1,1.600541665E0
1.211721171E1,3.770588708E-1,1.712367629E0,5.289286029E-1,1.831431614E0
1.212715771E1,1.720379484E-1,1.911441933E0,3.870283735E-1,1.957804454E0
1.213710371E1,3.879335225E-2,1.996076871E0,3.328036344E-1,2.024002485E0
1.214705071E1,-2.366543591E-2,2.019134197E0,4.084794688E-1,2.060174370E0
1.215699671E1,-1.969283760E-2,1.956295339E0,4.589245677E-1,2.009500192E0
1.216694271E1,4.203855693E-2,1.915871199E0,3.645224404E-1,1.950693800E0
1.217688871E1,1.201778233E-1,1.933504647E0,2.069733077E-1,1.948260989E0
1.218683571E1,1.409102958E-1,2.023175792E0,-2.341517508E-2,2.028212086E0
1.219678171E1,7.306329846E-2,2.214923535E0,-1.157678533E-1,2.219149997E0
1.220672771E1,1.927639890E-1,2.388921470E0,-1.277604926E-1,2.400088850E0
1.221667471E1,3.406611228E-1,2.416550733E0,-4.101412475E-2,2.440788726E0
1.222662071E1,6.391842860E-1,2.373766657E0,1.082781547E-1,2.460700886E0
1.223656671E1,8.334305441E-1,2.196303077E0,2.504187047E-1,2.362427397E0
1.224651271E1,8.891299510E-1,1.939386361E0,5.315078098E-1,2.198697815E0
1.225645971E1,8.791540164E-1,1.550355316E0,6.992398685E-1,1.914536441E0
1.226640571E1,8.922137725E-1,1.107686008E0,6.557114410E-1,1.566196413E0
1.227635171E1,9.114341551E-1,6.850919455E-1,5.846595848E-1,1.281362565E0
1.228629871E1,9.404275739E-1,1.307402337E-1,5.146181273E-1,1.079967059E0
1.229624471E1,1.182481252E0,-5.938566703E-1,5.714437079E-1,1.441345055E0
1.230619071E1,1.540271208E0,-1.480594525E0,5.240724903E-1,2.199828975E0
1.231613771E1,1.782230161E0,-2.461262637E0,5.011695313E-1,3.079826134E0
1.232608371E1,1.755930555E0,-3.482499901E0,6.271928161E-1,3.950249170E0
1.233602971E1,1.552502414E0,-4.660680526E0,7.446592855E-1,4.968573655E0
1.234597571E1,1.274981280E0,-6.156432204E0,6.783015740E-1,6.323553413E0
1.235592271E1,1.028218839E0,-7.856102604E0,3.180616343E-1,7.929485816E0
1.236586871E1,8.175559384E-1,-9.954442599E0,-6.890066564E-2,9.988196657E0
1.237581471E1,6.259649009E-1,-1.215662096E1,2.243605882E-1,1.217479375E1
1.238576171E1,7.011507386E-1,-1.382906965E1,1.039382343E0,1.388578753E1
1.239570771E1,1.270905771E0,-1.429737899E1,1.693111578E0,1.445326518E1
1.240565371E1,1.936897786E0,-1.308934190E1,2.678423549E0,1.350023693E1
1.241559971E1,3.407394755E0,-1.138015984E1,4.131899273E0,1.257739912E1
1.242554671E1,6.318010068E0,-1.091010568E1,5.477166424E0,1.374579969E1
1.243549271E1,1.024595670E1,-1.193329942E1,6.396759199E0,1.697945205E1
1.244543871E1,1.423339759E1,-1.456722683E1,7.220692111E0,2.160861169E1
1.245538571E1,1.670731243E1,-1.726601857E1,8.150190654E0,2.537075666E1
1.246533171E1,1.643883402E1,-1.755509555E1,8.581880645E0,2.553556969E1
1.247527771E1,1.248521577E1,-1.543811463E1,8.356310853E0,2.154167884E1
1.248522471E1,7.135420995E0,-1.259818631E1,5.991437227E0,1.566926454E1
1.249517071E1,9.859750450E-1,-9.491636649E0,7.276088047E-1,9.570408959E0
1.250511671E1,-2.697432847E0,-5.433315815E0,-3.729400336E0,7.120778860E0
1.251506271E1,-2.762574630E0,5.060852855E-1,-4.776762667E0,5.541245571E0
1.252500971E1,-2.151157309E0,5.172890185E0,-5.321608268E0,7.726951870E0
1.253495571E1,-2.205059867E0,7.064030585E0,-4.004206900E0,8.414065012E0
1.254490171E1,-3.498251131E0,7.127530763E0,-1.706078364E0,8.120970332E0
1.255484871E1,-3.594263289E0,7.444179125E0,-9.390716046E-2,8.267003689E0
1.256479471E1,-2.290154689E0,9.288800831E0,7.974109648E-1,9.600129876E0
1.257474071E1,-3.256850587E0,1.009199835E1,4.749980958E0,1.161971710E1
1.258468771E1,-5.295242003E0,1.087211866E1,6.743165211E0,1.384604019E1
1.259463371E1,-6.176287009E0,1.242799374E1,4.899419417E0,1.471753581E1
1.260457971E1,-6.185627936E0,1.436910445E1,3.408002865E0,1.601086004E1
1.261452571E1,-5.794401262E0,1.669006783E1,2.155151835E0,1.779826198E1
1.262447271E1,-5.205559748E0,1.907652703E1,-1.879645944E-2,1.977402562E1
1.263441871E1,-4.676481164E0,2.064034147E1,-3.434791007E0,2.144040488E1
1.264436471E1,-4.765745928E0,1.992978782E1,-5.040731417E0,2.110255317E1
1.265431171E1,-5.988352820E0,1.570887112E1,-4.208296654E0,1.733028454E1
1.266425771E1,-6.050791143E0,1.097653122E1,-5.558367877E0,1.371100888E1
1.267420371E1,-4.902570190E0,7.520902780E0,-7.812013428E0,1.190070279E1
1.268414971E1,-4.100592111E0,6.055286483E0,-8.734847900E0,1.139205503E1
1.269409604E1,-5.224586588E0,5.980519305E0,-8.373474770E0,1.154027712E1
1.270404204E1,-6.501850621E0,6.455788010E0,-6.745366103E0,1.137766339E1
1.271398804E1,-5.296549441E0,6.338750142E0,-3.702836435E0,9.052302856E0
1.272393504E1,-4.511435024E0,5.147532565E0,-2.076861418E0,7.152865918E0
1.273388104E1,-4.030711452E0,3.738465859E0,-3.020669852E0,6.272735300E0
1.274382704E1,-3.489266884E0,2.138287003E0,-4.976409706E0,6.442973557E0
1.275377404E1,-2.458306285E0,5.969235349E-1,-5.100946044E0,5.693789427E0
1.276372004E1,-9.504406384E-1,-8.010977805E-1,-4.905457252E0,5.060494631E0
1.277366604E1,-2.127006555E-1,-6.515318513E-2,-4.622345595E0,4.627695464E0
1.278361204E1,-1.347318354E0,3.194049736E0,-3.285170991E0,4.775936443E0
1.279355904E1,-2.262806676E0,5.986986911E0,-1.684122069E0,6.618200168E0
1.280350504E1,-3.174620316E0,7.181699953E0,-8.429384091E-1,7.897187697E0
1.281345104E1,-3.120478899E0,7.868001103E0,-1.149636857E0,8.541925709E0
1.282339804E1,-2.943963153E0,8.131459683E0,-2.356594846E0,8.963319413E0
1.283334404E1,-3.416255625E0,7.946184808E0,-2.939928867E0,9.135416643E0
1.284329004E1,-4.072966648E0,7.864413836E0,-2.637319085E0,9.240861121E0
1.285323704E1,-4.543321938E0,8.084080279E0,-2.177334709E0,9.525487632E0
1.286318304E1,-4.768630944E0,8.735796318E0,-1.330244485E0,1.004109201E1
1.287312904E1,-4.946188956E0,9.884851377E0,-7.209733844E-1,1.107677185E1
1.288307504E1,-5.414333414E0,1.139406685E1,-4.894753924E-1,1.262455353E1
1.289302204E1,-5.009727725E0,1.297384653E1,-9.174462622E-1,1.393771047E1
1.290296804E1,-5.584443535E0,1.355468086E1,-1.296992246E0,1.471725422E1
1.291291404E1,-6.290690122E0,1.386140007E1,-1.331441702E0,1.528018099E1
1.292286104E1,-5.975995899E0,1.427075428E1,-1.207707017E0,1.551855377E1
1.293280704E1,-5.936855807E0,1.424315542E1,-7.235037670E-1,1.544788630E1
1.294275304E1,-4.691258833E0,1.377698733E1,-1.168824495E0,1.460066574E1
1.295270004E1,-2.051899947E0,1.301363098E1,3.467229313E-1,1.317896436E1
1.296264604E1,3.613736856E0,1.096159275E1,1.702618859E0,1.166681279E1
1.297259204E1,1.496401888E1,1.369893869E0,8.042917051E0,1.704367874E1
1.298253804E1,2.190818856E1,-1.947950193E1,-1.313218270E0,2.934525965E1
1.299248504E1,7.925865734E0,-3.166252775E1,-4.867631322E0,3.300043705E1
1.300243104E1,5.275769021E0,-3.736041253E1,1.719123151E1,4.146290636E1
1.301237704E1,1.221329685E1,-4.890633157E1,2.471746695E1,5.614220391E1
1.302232404E1,4.420240095E0,-3.411494823E1,1.698515926E1,3.836487782E1
1.303227004E1,8.678625752E0,-1.989673702E1,1.451569415E1,2.611329289E1
1.304221604E1,1.500539846E1,-4.266927854E0,1.429840226E1,2.116159170E1
1.305216204E1,1.168961554E1,5.897000601E0,-2.921916811E0,1.341489193E1
1.306210904E1,1.186570561E1,1.067942951E1,-3.259977561E1,3.629863019E1
1.307205504E1,6.052538291E0,2.071774925E0,-1.775455577E1,1.887192947E1
1.308200104E1,-4.391351926E0,-7.696667744E0,-4.783024743E0,1.006975629E1
1.309194804E1,-7.247766473E0,-1.132380905E1,-1.190621746E-1,1.344518300E1
1.310189404E1,-4.792739891E0,-1.165005211E1,2.043699519E0,1.276208359E1
1.311184004E1,-7.080861211E-2,-9.105445597E0,5.894668146E0,1.084717779E1
1.312178704E1,5.756644036E0,-3.864575098E0,9.474234751E0,1.174031581E1
1.313173304E1,9.959213927E0,-1.189011422E0,1.116014431E1,1.500494956E1
1.314167904E1,9.814247417E0,2.009951144E-1,9.369270213E0,1.356993278E1
1.315162504E1,7.220697958E0,3.212417595E0,2.394116721E0,8.257717643E0
1.316157204E1,2.239169599E0,3.032507832E0,-3.412066680E-1,3.785023942E0
1.317151804E1,-1.549740774E0,1.676903974E0,-6.088992172E-1,2.363146559E0
1.318146404E1,-4.961357803E0,2.973900898E0,-8.447554314E-1,5.845747988E0
1.319141104E1,-7.138770865E0,4.690501033E0,-3.069718051E-1,8.547343511E0
1.320135704E1,-5.507343904E0,4.789822131E0,4.601945829E-1,7.313344787E0
1.321130304E1,-2.752036486E0,3.805865252E0,6.421973562E-1,4.740330430E0
1.322124904E1,-1.367457334E0,2.781269056E0,6.344416094E-1,3.163528612E0
1.323119604E1,3.317359328E-2,2.391992428E0,3.797684705E-1,2.422179257E0
1.324114204E1,8.650312364E-1,1.683549626E0,8.953361857E-1,2.093858942E0
1.325108804E1,1.985560069E0,7.932359067E-1,1.812860216E0,2.803236371E0
1.326103504E1,2.780734035E0,-6.375131518E-2,2.422078691E0,3.688226022E0
1.327098104E1,2.354518207E0,-1.288945016E0,2.442588969E0,3.629239055E0
1.328092704E1,9.351089466E-1,-2.958322161E0,2.033579743E0,3.709655688E0
1.329087404E1,2.972268355E-1,-4.170711921E0,1.774165682E0,4.542119063E0
1.330082004E1,6.226015824E-1,-3.636090469E0,1.944022034E0,4.169893080E0
1.331076604E1,1.054716666E0,-1.676170440E0,1.981940058E0,2.801796028E0
1.332071204E1,5.913528925E-1,6.708919823E-2,1.082382767E0,1.235213204E0
1.333065904E1,6.214186907E-2,8.876266319E-1,1.885914159E-1,9.095654851E-1
1.334060504E1,8.046821237E-2,1.718607193E0,-3.325738388E-1,1.752338773E0
1.335055104E1,2.100863653E-1,1.495188006E0,-5.713092220E-1,1.614347448E0
1.336049804E1,1.644488472E-1,8.908651122E-1,-4.959070373E-1,1.032767090E0
1.337044404E1,2.110710365E-1,5.667995569E-1,-2.384044307E-1,6.501149073E-1
1.338039004E1,2.855324042E-1,2.437388456E-1,2.475640941E-1,4.496947402E-1
1.339033704E1,5.263745391E-1,3.149971086E-1,9.243430531E-1,1.109370729E0
1.340028304E1,4.255521691E-1,1.330197707E-1,1.406725481E0,1.475691528E0
1.341022904E1,3.773804677E-1,2.973089889E-1,1.742111245E0,1.807141456E0
1.342017504E1,-2.277256608E-2,3.820538548E-1,1.376463216E0,1.428682863E0
1.343012204E1,-2.099793613E-1,5.321422327E-1,5.824376428E-1,8.163946936E-1
1.344006804E1,-2.784993732E-1,4.179905498E-1,-1.136546695E-1,5.149712463E-1
1.345001404E1,-9.435359538E-2,2.580528295E-1,-5.122283703E-1,5.812673801E-1
1.345996104E1,2.228560996E-1,9.826333612E-2,-4.888886243E-1,5.461983260E-1
1.346990704E1,5.457867104E-1,-2.934571356E-2,-1.440116590E-1,5.652288581E-1
1.347985304E1,7.740573317E-1,5.377918124E-2,3.546008849E-1,8.531112124E-1
1.348979904E1,6.666819870E-1,2.614912847E-1,7.417801166E-1,1.031057857E0
1.349974604E1,3.083429772E-1,5.250252941E-1,8.144727015E-1,1.016903502E0
1.350969204E1,-1.319137698E-1,6.787690589E-1,5.120020831E-1,8.603922425E-1
1.351963804E1,-4.500391388E-1,7.044047141E-1,6.402233362E-2,8.383436568E-1
1.352958504E1,-5.176376295E-1,6.115953684E-1,-1.849877769E-1,8.223248067E-1
1.353953104E1,-3.708713472E-1,4.827911478E-1,-2.198471224E-1,6.472755254E-1
1.354947704E1,-1.865255946E-1,2.780853903E-1,-1.554043740E-1,3.691528155E-1
1.355942404E1,-4.458969712E-2,1.089538005E-1,-5.470421076E-2,1.298141842E-1
1.356937004E1,9.069206893E-2,3.873458773E-2,-1.198620737E-2,9.934328775E-2
1.357931604E1,2.145665020E-1,-5.151396990E-3,-1.152866274E-1,2.436315397E-1
1.358926204E1,3.031863177E-1,4.151026100E-2,-2.596333319E-1,4.013159753E-1
1.359920904E1,3.024261796E-1,1.019690090E-1,-3.473743111E-1,4.717289316E-1
1.360915504E1,2.378015828E-1,1.726098061E-1,-3.216950941E-1,4.356965360E-1
1.361910104E1,2.215223497E-1,1.750039485E-1,-2.510361707E-1,3.777799524E-1
1.362904804E1,2.458806807E-1,1.148445779E-1,-2.755067682E-1,3.867176820E-1
1.363899404E1,2.995616287E-1,-1.586495787E-2,-3.795158708E-1,4.837573384E-1
1.364894004E1,3.238655806E-1,-1.889285079E-1,-4.727532327E-1,6.033891898E-1
1.365888704E1,2.613623536E-1,-2.794208944E-1,-4.997638607E-1,6.294046652E-1
1.366883304E1,2.350054443E-1,-3.264225680E-1,-4.600624359E-1,6.110946707E-1
1.367877904E1,2.317397743E-1,-2.803701898E-1,-4.176274377E-1,5.538261849E-1
1.368872504E1,2.189080596E-1,-2.184972927E-1,-3.583144516E-1,4.733403128E-1
1.369867204E1,2.171655893E-1,-1.984346187E-1,-3.020952272E-1,4.216618520E-1
1.370861804E1,1.734126288E-1,-1.748916820E-1,-2.267532688E-1,3.347776653E-1
1.371856404E1,1.100387514E-1,-1.374811962E-1,-2.413754010E-1,2.987836849E-1
1.372851104E1,5.591633856E-2,-2.240378219E-1,-3.045598286E-1,3.821992566E-1
1.373845704E1,-4.307000577E-2,-2.979594916E-1,-3.476742733E-1,4.599046470E-1
1.374840304E1,-7.323988438E-2,-2.952949154E-1,-3.411476111E-1,4.571048680E-1
1.375835004E1,-6.875916302E-2,-2.458786342E-1,-2.855680722E-1,3.830577621E-1
1.376829604E1,-7.570799410E-2,-2.167431280E-1,-1.805187500E-1,2.920553081E-1
1.377824204E1,-9.857762396E-2,-2.643879953E-1,-2.902733266E-2,2.836567398E-1
1.378818804E1,3.399337292E-2,-3.500108206E-1,5.968369961E-2,3.566865122E-1
1.379813504E1,9.506695569E-2,-3.724974579E-1,1.812052131E-2,3.848641780E-1
1.380808104E1,7.418596387E-2,-3.115066132E-1,-1.324949831E-1,3.465470355E-1
1.381802704E1,2.285033405E-2,-2.122504199E-1,-1.368242615E-1,2.535611505E-1
1.382797404E1,-2.269772172E-2,-1.818902144E-1,-6.820660114E-2,1.955795927E-1
1.383792004E1,-5.045679331E-2,-2.083713770E-1,-2.750998020E-2,2.161511456E-1
1.384786604E1,-4.796587944E-2,-2.329019085E-1,1.203351134E-1,2.665043416E-1
1.385781204E1,-1.105533063E-2,-2.244877651E-1,3.584015751E-1,4.230468840E-1
1.386775904E1,-6.228454113E-2,-3.613839474E-1,4.168830872E-1,5.552199833E-1
1.387770504E1,9.188899398E-2,-4.771614486E-1,3.524315679E-1,6.002788063E-1
1.388765104E1,3.962856853E-1,-4.875291467E-1,4.492895257E-1,7.723911517E-1
1.389759804E1,5.189509141E-1,-4.679140770E-1,5.513292861E-1,8.900660742E-1
1.390754404E1,4.270402855E-1,-4.322560018E-1,6.050920951E-1,8.575226528E-1
1.391749004E1,1.627432144E-1,-4.455063772E-1,6.742096925E-1,8.243300282E-1
1.392743704E1,5.447207630E-2,-5.293142268E-1,7.184608358E-1,8.940507426E-1
1.393738304E1,-1.839709461E-2,-6.423058221E-1,7.642076969E-1,9.984531167E-1
1.394732904E1,-2.197442114E-2,-6.892458075E-1,6.751984566E-1,9.651091204E-1
1.395727504E1,2.704805017E-2,-6.367764026E-1,5.635873890E-1,8.507917071E-1
1.396722204E1,-1.706895804E-1,-6.759664884E-1,5.009379816E-1,8.584896550E-1
1.397716804E1,-2.017903358E-1,-6.288896781E-1,5.372825199E-1,8.514071136E-1
1.398711404E1,-4.902013242E-2,-5.289467293E-1,5.437723446E-1,7.601815432E-1
1.399706104E1,1.709866190E-1,-3.423562306E-1,4.628357702E-1,6.005507162E-1
1.400700704E1,2.888717490E-1,-1.766467237E-1,3.264518040E-1,4.703421444E-1
1.401695304E1,2.335184973E-1,1.048288822E-2,1.787973297E-1,2.942945202E-1
1.402690004E1,2.337307513E-2,1.895760870E-1,1.188668776E-1,2.249771721E-1
1.403684604E1,-2.564501077E-1,3.526824135E-1,7.488412142E-2,4.424468037E-1
1.404679204E1,-4.378266442E-1,6.178910655E-1,1.318938893E-1,7.686855906E-1
1.405673804E1,-5.696088517E-1,9.283817250E-1,2.830637097E-1,1.125376353E0
1.406668504E1,-6.403695166E-1,1.276668202E0,3.420521754E-1,1.468657382E0
1.407663104E1,-7.656607300E-1,1.588397301E0,3.106567204E-1,1.790460817E0
1.408657704E1,-8.473083258E-1,1.799719183E0,3.324335057E-1,2.016787687E0
1.409652404E1,-8.857210243E-1,1.958230183E0,4.198096186E-1,2.189841843E0
1.410647004E1,-8.757041591E-1,2.107103802E0,3.921318233E-1,2.315277861E0
1.411641604E1,-8.558090079E-1,2.276280123E0,2.004232568E-1,2.440088060E0
1.412636204E1,-8.335702926E-1,2.266909960E0,6.079934835E-2,2.416074659E0
1.413630904E1,-7.266966391E-1,2.182766188E0,2.779532433E-2,2.300723542E0
1.414625504E1,-4.743688184E-1,2.108354521E0,2.087748349E-2,2.161161825E0
1.415620104E1,-2.473974484E-1,2.049254959E0,2.829643071E-2,2.064328479E0
1.416614804E1,-8.997461557E-2,2.063911005E0,-4.070246816E-2,2.066272189E0
1.417609404E1,-9.089496732E-3,2.072799357E0,-1.773366952E-1,2.080391333E0
1.418604004E1,1.441981852E-2,2.304373071E0,-2.600964314E-1,2.319050093E0
1.419598704E1,7.532090843E-2,2.585103741E0,-3.161887711E-1,2.605457720E0
1.420593304E1,5.639581025E-2,2.701860359E0,-2.317619938E-1,2.712368616E0
1.421587904E1,8.865080595E-2,2.602410330E0,-6.459945381E-2,2.604721018E0
1.422582504E1,2.079386830E-1,2.462364253E0,2.914778531E-2,2.471300427E0
1.423577204E1,4.092980790E-1,2.292091579E0,1.610264719E-2,2.328404608E0
1.424571804E1,5.735604000E-1,2.153144193E0,7.072324276E-2,2.229350405E0
1.425566404E1,5.375245947E-1,1.999181158E0,2.157341909E-1,2.081393580E0
1.426561104E1,4.792483199E-1,1.831595280E0,2.737233675E-1,1.912941374E0
1.427555704E1,4.039420295E-1,1.521543746E0,4.554326105E-1,1.638805479E0
1.428550304E1,3.855841112E-1,1.113128597E0,6.834126252E-1,1.361904253E0
1.429545004E1,4.086256492E-1,7.190584213E-1,1.066880044E0,1.349908502E0
1.430539604E1,5.243993497E-1,4.055734026E-1,1.485044841E0,1.626297219E0
1.431534204E1,8.109386444E-1,1.724922770E-1,1.964396657E0,2.132188851E0
1.432528804E1,1.037257465E0,-1.523801941E-1,2.467486414E0,2.680972207E0
1.433523504E1,1.406751793E0,-5.106268179E-1,2.678721757E0,3.068426405E0
1.434518104E1,2.009844140E0,-8.493969512E-1,2.778712653E0,3.533014670E0
1.435512704E1,2.781868395E0,-1.282576813E0,2.964772224E0,4.263058690E0
1.436507404E1,3.404734272E0,-1.950925257E0,3.051466552E0,4.970892569E0
1.437502004E1,3.781146441E0,-3.065983434E0,2.975953270E0,5.705578033E0
1.438496604E1,3.906917710E0,-4.794181230E0,2.982547175E0,6.866131903E0
1.439491204E1,3.955561282E0,-7.328655685E0,2.935834354E0,8.830333095E0
1.440485904E1,4.091085123E0,-1.041900622E1,2.877103751E0,1.155726586E1
1.441480504E1,4.848188453E0,-1.379343554E1,2.481111011E0,1.482969006E1
1.442475104E1,5.712269517E0,-1.544780113E1,2.391990089E0,1.664290237E1
1.443469804E1,6.271780812E0,-1.420956551E1,3.530135413E0,1.592824041E1
1.444464404E1,7.068658072E0,-1.212780822E1,5.159700036E0,1.495567329E1
1.445459004E1,8.804233299E0,-1.099057038E1,6.599095080E0,1.555169499E1
1.446453704E1,1.080251574E1,-1.104114295E1,7.192103319E0,1.703900038E1
1.447448304E1,1.219219074E1,-1.196955683E1,6.969330250E0,1.845240824E1
1.448442904E1,1.280302597E1,-1.316635324E1,6.302365258E0,1.941623392E1
1.449437504E1,1.352675573E1,-1.378328595E1,5.581286623E0,2.010230963E1
1.450432204E1,1.201007921E1,-1.324040004E1,4.058145418E0,1.833081395E1
1.451426804E1,8.191850896E0,-1.213673575E1,1.523598165E0,1.472168900E1
1.452421404E1,3.090409593E0,-9.650963336E0,-1.658267435E-1,1.013504925E1
1.453416104E1,-1.368223904E0,-5.385771520E0,-1.040573129E0,5.653438241E0
1.454410704E1,-2.818740937E0,-6.691623759E-1,-1.704833199E0,3.361478096E0
1.455405304E1,-1.834884923E0,4.128178689E0,-1.510800364E0,4.763525975E0
1.456399904E1,-1.395053269E0,7.119324195E0,-1.310956274E0,7.372215201E0
1.457394604E1,-2.776547429E0,8.079170957E0,6.178796634E-2,8.543186568E0
1.458389204E1,-4.014232244E0,8.625016140E0,1.831792477E0,9.688159144E0
1.459383804E1,-4.806708305E0,9.405882554E0,4.912245285E0,1.164925856E1
1.460378504E1,-6.938727093E0,9.327940339E0,7.604170640E0,1.389171752E1
1.461373104E1,-9.085773810E0,9.561590983E0,5.070000240E0,1.413082483E1
1.462367704E1,-1.004052531E1,1.119619006E1,3.551642641E-1,1.504303699E1
1.463362404E1,-8.558437403E0,1.414390011E1,-2.748977807E0,1.675868849E1
1.464357004E1,-6.628863840E0,1.654722853E1,-3.748961027E0,1.821557896E1
1.465351604E1,-6.835542448E0,1.700741727E1,-3.198712014E0,1.860668270E1
1.466346204E1,-7.655075914E0,1.641191461E1,-2.329566969E0,1.825864208E1
1.467340904E1,-8.753920932E0,1.518936589E1,-1.975658686E0,1.764231264E1
1.468335504E1,-1.115467717E1,1.240844299E1,-2.772664001E0,1.691401626E1
1.469330104E1,-1.107323598E1,8.679348468E0,-5.513655388E0,1.511118925E1
1.470324829E1,-7.944212542E0,5.559435579E0,-8.813905764E0,1.310354043E1
1.471319429E1,-6.170743264E0,4.381223379E0,-9.710966878E0,1.231162331E1
1.472314029E1,-5.993184375E0,4.559380438E0,-7.883138959E0,1.090183878E1
1.473308729E1,-5.371951041E0,5.218734110E0,-4.168486178E0,8.571424661E0
1.474303329E1,-5.066890106E0,4.688216234E0,-3.093879331E0,7.564709916E0
1.475297929E1,-3.965123819E0,3.205616114E0,-4.836670315E0,7.027913012E0
1.476292529E1,-1.611841128E0,1.164381196E0,-6.223747104E0,6.533669980E0
1.477287229E1,-5.903465867E-1,-8.975476027E-2,-6.768052130E0,6.794342842E0
1.478281829E1,-9.277221590E-1,5.616297412E-1,-6.399534287E0,6.490773102E0
1.479276429E1,-1.073361098E0,3.288603306E0,-4.800241577E0,5.916868678E0
1.480271129E1,-1.674841953E0,6.564904071E0,-1.861788255E0,7.026330232E0
1.481265729E1,-2.447018235E0,8.701879544E0,1.167034955E0,9.114415857E0
1.482260329E1,-3.577380915E0,9.084486253E0,2.800410208E0,1.015715718E1
1.483254929E1,-3.960481714E0,8.567247988E0,2.662198110E0,9.806653470E0
1.484249629E1,-3.773691825E0,7.952151307E0,1.255178807E0,8.891171702E0
1.485244229E1,-3.902444006E0,7.592638761E0,-3.849268842E-1,8.545490113E0
1.486238829E1,-4.594257910E0,7.560998307E0,-1.967506206E0,9.063497218E0
1.487233529E1,-5.398279883E0,7.820152752E0,-3.091332868E0,9.992624964E0
1.488228129E1,-6.088695719E0,8.129653478E0,-2.796864164E0,1.053498602E1
1.489222729E1,-6.673609073E0,8.923594851E0,-2.424980664E0,1.140386489E1
1.490217429E1,-7.229331372E0,1.021158209E1,-2.417034298E0,1.274290766E1
1.491212029E1,-7.908322333E0,1.158538775E1,-2.590945402E0,1.426449331E1
1.492206629E1,-8.447259030E0,1.248235297E1,-3.008471975E0,1.536932739E1
1.493201229E1,-8.909601295E0,1.283137210E1,-3.373031838E0,1.598131562E1
1.494195929E1,-8.449011440E0,1.272734195E1,-3.565637367E0,1.568709015E1
1.495190529E1,-8.034432741E0,1.248716640E1,-3.182188952E0,1.518577494E1
1.496185129E1,-7.481904191E0,1.218968462E1,-2.852671160E0,1.458441066E1
1.497179829E1,-5.664708849E0,1.143831741E1,-3.385767658E0,1.320558421E1
1.498174429E1,-3.261313766E0,1.048731924E1,3.890772378E-1,1.098960479E1
1.499169029E1,5.760723639E-1,9.442905954E0,7.843165054E0,1.228883926E1
1.500163729E1,1.144097556E1,3.475019558E0,1.480251878E1,1.902856392E1
1.501158329E1,2.491555191E1,-1.280643373E1,7.902182756E0,2.910728369E1
1.502152929E1,2.269878591E1,-2.807883944E1,-8.083585605E0,3.700000625E1
1.503147529E1,1.560659280E1,-3.865868853E1,6.337181919E0,4.216894370E1
1.504142229E1,1.033495600E1,-3.803941694E1,2.007047651E1,4.423383981E1
1.505136829E1,4.012464631E0,-2.496024334E1,1.583479091E1,2.983042446E1
1.506131429E1,1.269393447E1,-1.676296155E1,1.355827807E1,2.501918777E1
1.507126129E1,1.200149900E1,-7.764769095E0,1.794239992E1,2.294029930E1
1.508120729E1,9.402535608E0,4.730303907E-1,6.202135211E0,1.127377110E1
1.509115329E1,3.230288440E0,6.846785474E-1,-1.990101251E1,2.017309711E1
1.510110029E1,-3.997672344E0,-4.852525917E0,-2.171612390E1,2.260792846E1
1.511104629E1,-6.426891071E0,-9.681302783E0,-1.243370297E1,1.701850528E1
1.512099229E1,-3.270203873E0,-9.493291996E0,-8.146886977E0,1.293014283E1
1.513093829E1,5.711718124E-1,-9.041606866E0,-3.126006272E0,9.583778335E0
1.514088529E1,3.229890829E0,-8.967634910E0,1.478470232E0,9.645545339E0
1.515083129E1,5.988540516E0,-8.483547435E0,7.480356433E0,1.279800480E1
1.516077729E1,9.560156077E0,-6.074831386E0,1.245713510E1,1.683687546E1
1.517072429E1,1.249024671E1,-1.192182367E0,1.527055215E1,1.976404120E1
1.518067029E1,1.128115244E1,5.563140959E0,1.352166047E1,1.846749143E1
1.519061629E1,8.268431879E0,9.838805723E0,5.286847740E-1,1.286268135E1
1.520056229E1,3.015599146E0,6.356300560E0,-3.490942111E0,7.853857131E0
1.521050929E1,-2.654956918E0,4.944417250E-1,-3.303003244E0,4.266509029E0
1.522045529E1,-6.434512331E0,-9.832762626E-1,-2.665777191E0,7.033928432E0
1.523040129E1,-7.333885435E0,-6.679712981E-1,-8.375627714E-1,7.411718601E0
1.524034829E1,-5.834108534E0,-9.200044191E-1,1.480845956E0,6.089017594E0
1.525029429E1,-4.502970595E0,-1.175243861E0,1.928631577E0,5.037614720E0
1.526024029E1,-3.257864494E0,-9.551584643E-1,6.702429414E-2,3.395659142E0
1.527018729E1,-1.502776523E0,2.149910098E-1,-1.841365392E0,2.386458656E0
1.528013329E1,1.229006377E0,1.430559024E0,-2.572216478E0,3.189553794E0
1.529007929E1,3.813966862E0,2.348594978E0,-1.513430734E0,4.727865711E0
1.530002529E1,5.453824924E0,2.855272294E0,8.066280770E-1,6.208658070E0
1.530997229E1,5.786588212E0,2.799042837E0,2.554940879E0,6.917150196E0
1.531991829E1,3.814938669E0,9.774515587E-1,3.183277996E0,5.063835246E0
1.532986429E1,9.046198100E-1,-1.728374089E0,3.501578781E0,4.008324831E0
1.533981129E1,-1.095184661E0,-3.330841546E0,3.902715901E0,5.246439388E0
1.534975729E1,-2.109511101E0,-3.172957368E0,3.221838629E0,4.989783531E0
1.535970329E1,-2.129959983E0,-1.920401621E0,1.317076555E0,3.155845777E0
1.536965029E1,-1.848144654E0,-8.171811318E-1,-4.398942196E-1,2.068074126E0
1.537959629E1,-1.400402302E0,1.264869690E-1,-8.836534488E-1,1.660713394E0
1.538954229E1,-1.123572893E0,9.204330200E-1,-4.804814976E-1,1.529861255E0
1.539948829E1,-5.951635230E-1,1.403206041E0,3.045434564E-1,1.554333790E0
1.540943529E1,2.376840538E-1,1.325257102E0,9.659892619E-1,1.657086404E0
1.541938129E1,1.082389784E0,1.454396368E0,1.676606058E0,2.469381362E0
1.542932729E1,1.136270707E0,6.477946034E-1,1.847254708E0,2.263426368E0
1.543927429E1,5.927345896E-1,1.049393946E-1,1.818774090E0,1.915798987E0
1.544922029E1,7.289139032E-2,-5.139685017E-1,1.474814553E0,1.563507192E0
1.545916629E1,-2.532107502E-1,-9.890454179E-1,1.122557817E0,1.517386758E0
1.546911329E1,-2.724966216E-1,-7.677873623E-1,8.303332740E-1,1.163273480E0
1.547905929E1,-4.804949462E-2,-4.220724910E-2,5.794350976E-1,5.829538902E-1
1.548900529E1,1.140791774E-1,4.416209024E-1,4.134817618E-1,6.156380816E-1
1.549895129E1,3.896350622E-1,4.705649123E-1,3.854706752E-1,7.223811043E-1
1.550889829E1,5.432922882E-1,6.004993996E-1,5.820622516E-1,9.972775461E-1
1.551884429E1,5.964756382E-1,6.324149644E-1,6.562599099E-1,1.089224010E0
1.552879029E1,5.198326743E-1,5.481776369E-1,6.244580734E-1,9.801390800E-1
1.553873729E1,1.443133754E-1,3.776356986E-1,4.729871213E-1,6.222153069E-1
1.554868329E1,-2.545211112E-1,4.271455353E-1,3.066513777E-1,5.841826528E-1
1.555862929E1,-6.243697804E-1,1.258782738E-1,-1.522790372E-2,6.371144729E-1
1.556857529E1,-1.263925949E0,-8.519860983E-2,-1.651961213E-1,1.277520007E0
1.557852229E1,-1.568031449E0,1.118350160E-1,1.261969471E-1,1.577071770E0
1.558846829E1,-1.378620254E0,1.408886611E-2,3.940514642E-1,1.433899877E0
1.559841429E1,-6.492064136E-1,-3.170038730E-1,7.122429067E-1,1.014519779E0
1.560836129E1,4.751681328E-2,-3.082906446E-1,9.671861869E-1,1.016243125E0
1.561830729E1,3.941263086E-1,-1.878035036E-1,1.017139535E0,1.106877833E0
1.562825329E1,6.485246283E-1,-3.677743694E-1,9.500801575E-1,1.207681451E0
1.563820029E1,9.100571358E-1,-4.265318701E-1,5.877434063E-1,1.164291947E0
1.564814629E1,1.009707139E0,-4.520108199E-1,1.658235276E-1,1.118624034E0
1.565809229E1,6.472329783E-1,-5.753163189E-1,-1.415844798E-1,8.774654181E-1
1.566803829E1,3.976808310E-1,-4.837813738E-1,-1.821074384E-1,6.521944343E-1
1.567798529E1,8.789008319E-2,-2.937416026E-1,-9.412379980E-2,3.207305497E-1
1.568793129E1,-1.791604418E-1,-2.694674715E-1,8.405372500E-2,3.343294944E-1
1.569787729E1,-3.816922045E-1,-1.946695966E-1,3.985251689E-1,5.851559630E-1
1.570782429E1,-6.342153221E-1,5.735533834E-2,6.280927026E-1,8.944378977E-1
1.571777029E1,-2.356866449E-1,2.992248291E-1,7.439307225E-1,8.357730630E-1
1.572771629E1,3.435239196E-3,3.200341925E-1,6.129104072E-1,6.914425880E-1
1.573766329E1,1.247006446E-1,1.561358607E-1,3.521789682E-1,4.049181194E-1
1.574760929E1,2.893670082E-1,-3.983386427E-2,1.494875765E-1,3.281257956E-1
1.575755529E1,4.912871522E-1,-1.775413477E-1,6.844692171E-2,5.268481538E-1
1.576750129E1,6.313384920E-1,-2.132997027E-1,-6.552974582E-3,6.664292882E-1
1.577744829E1,6.809439307E-1,-2.193770063E-1,1.082916033E-1,7.235592436E-1
1.578739429E1,5.620489866E-1,-1.699510771E-1,1.760947466E-1,6.130185900E-1
1.579734029E1,5.342174095E-1,2.532955348E-2,1.927213043E-1,5.684815987E-1
1.580728729E1,4.981161153E-1,9.050057262E-2,1.626806492E-1,5.317659369E-1
1.581723329E1,4.925869882E-1,1.509724769E-1,7.294986248E-2,5.203424951E-1
1.582717929E1,5.611871070E-1,1.971385834E-1,-8.947994113E-3,5.948736477E-1
1.583712629E1,5.738884288E-1,1.859426272E-1,-6.508535743E-3,6.032950774E-1
1.584707229E1,4.855030864E-1,3.046191779E-1,1.398080957E-1,5.899596546E-1
1.585701829E1,2.591228700E-1,4.516670036E-1,2.504227978E-1,5.778056088E-1
1.586696429E1,-6.114550352E-2,5.700441769E-1,3.316224968E-1,6.623161002E-1
1.587691129E1,-3.361885875E-1,7.393620005E-1,4.828086895E-1,9.448720362E-1
1.588685729E1,-3.842334044E-1,6.714465907E-1,4.637333179E-1,9.019558877E-1
1.589680329E1,-2.469413656E-1,4.386157259E-1,3.830622071E-1,6.325349378E-1
1.590675029E1,-6.122677982E-2,2.947063932E-1,4.062353075E-1,5.055963823E-1
1.591669629E1,1.738406450E-1,2.023987386E-1,4.291248178E-1,5.053057772E-1
1.592664229E1,2.877683794E-1,5.484366685E-2,5.211249089E-1,5.978207413E-1
1.593658929E1,4.438814360E-1,-2.452369022E-1,6.606581855E-1,8.328511905E-1
1.594653529E1,7.586499184E-1,-4.467787313E-1,8.402109754E-1,1.217010853E0
1.595648129E1,9.000700915E-1,-5.775762677E-1,9.079451215E-1,1.402884478E0
1.596642729E1,8.125092065E-1,-5.077032101E-1,8.523410243E-1,1.282349009E0
1.597637429E1,6.736594695E-1,-3.322522420E-1,7.374783200E-1,1.052655169E0
1.598632029E1,4.516278273E-1,-9.661120534E-2,5.630020827E-1,7.281983003E-1
1.599626629E1,3.000574726E-1,8.769244730E-2,5.481864077E-1,6.310568831E-1
1.600621329E1,1.580227572E-1,1.859388265E-1,6.102931935E-1,6.572687586E-1
1.601615929E1,1.544518626E-1,2.597862366E-1,6.101967144E-1,6.809436811E-1
1.602610529E1,1.443712628E-1,2.383214003E-1,5.278246486E-1,5.968576137E-1
1.603605129E1,1.917570984E-1,2.444223851E-1,4.695477891E-1,5.630170631E-1
1.604599829E1,1.379726547E-1,1.491314811E-1,3.522087890E-1,4.066050702E-1
1.605594429E1,1.482409501E-1,2.927484530E-1,2.772106469E-1,4.295611467E-1
1.606589029E1,1.350999177E-2,4.671305501E-1,2.266983050E-1,5.194088873E-1
1.607583729E1,-1.125618249E-1,5.908161181E-1,2.125486279E-1,6.378955785E-1
1.608578329E1,-3.182756424E-1,6.505179441E-1,1.812461436E-1,7.465407857E-1
1.609572929E1,-4.860778677E-1,8.376077950E-1,1.434538347E-1,9.789982198E-1
1.610567629E1,-6.577421790E-1,1.140693541E0,8.309887469E-2,1.319360432E0
1.611562229E1,-8.005054575E-1,1.369351248E0,8.780880690E-2,1.588597562E0
1.612556829E1,-9.203166604E-1,1.574773289E0,4.332435966E-2,1.824491893E0
1.613551429E1,-9.178503048E-1,1.760215394E0,-3.132119536E-2,1.985393773E0
1.614546129E1,-8.985615098E-1,1.875358180E0,-1.260881889E-1,2.083333704E0
1.615540729E1,-8.727536541E-1,2.043357457E0,-1.197615016E-1,2.225163242E0
1.616535329E1,-8.687442183E-1,2.289009511E0,-2.118270814E-1,2.457468570E0
1.617530029E1,-9.567220098E-1,2.625074138E0,-3.742527920E-1,2.818935329E0
1.618524629E1,-1.126225190E0,3.004754316E0,-4.892552447E-1,3.245967093E0
1.619519229E1,-1.381682441E0,3.360721695E0,-4.617160285E-1,3.662878427E0
1.620513929E1,-1.533391374E0,3.657735692E0,-2.929595375E-1,3.976951695E0
1.621508529E1,-1.570013071E0,3.892458715E0,-1.318371713E-1,4.199232898E0
1.622503129E1,-1.570531134E0,4.163661348E0,-1.466832519E-1,4.452433025E0
1.623497729E1,-1.602521836E0,4.562439117E0,-2.995130968E-1,4.844959755E0
1.624492429E1,-1.667305477E0,5.059653592E0,-5.828720909E-1,5.359080322E0
1.625487029E1,-1.922913001E0,5.553136958E0,-9.915357471E-1,5.959703652E0
1.626481629E1,-2.138068902E0,6.046299312E0,-1.391465417E0,6.562411905E0
1.627476329E1,-2.020145180E0,6.182900210E0,-1.509431239E0,6.677396515E0
1.628470929E1,-1.659935061E0,5.964327196E0,-1.400380667E0,6.347412805E0
1.629465529E1,-1.081898618E0,5.378046763E0,-1.115724760E0,5.598100869E0
1.630460129E1,-4.321887589E-1,4.534799913E0,-6.821385169E-1,4.606138332E0
1.631454829E1,3.348238474E-1,3.500952544E0,-1.554938364E-1,3.520362774E0
1.632449429E1,1.039993377E0,2.353140603E0,4.057447261E-1,2.604512566E0
1.633444029E1,1.741982607E0,1.108016376E0,9.481996930E-1,2.271846462E0
1.634438729E1,2.247991294E0,-3.117466414E-1,1.581712765E0,2.766309110E0
1.635433329E1,2.389726047E0,-1.741101431E0,2.331238688E0,3.765222250E0
1.636427929E1,2.511500745E0,-3.303613109E0,3.145126083E0,5.207044617E0
1.637422629E1,3.214379336E0,-4.758504151E0,3.812250704E0,6.892666516E0
1.638417229E1,4.311680689E0,-6.130667617E0,4.052090626E0,8.520276653E0
1.639411829E1,4.719092456E0,-7.652558688E0,2.895350572E0,9.445345045E0
1.640406429E1,4.917231206E0,-9.619733942E0,2.649700856E-1,1.080687989E1
1.641401129E1,5.609080778E0,-1.238209427E1,-2.212168327E0,1.377213616E1
1.642395729E1,5.880486310E0,-1.437949846E1,-2.155425192E0,1.568425813E1
1.643390329E1,5.643091108E0,-1.510158048E1,7.887426138E-2,1.612167582E1
1.644385029E1,5.672354668E0,-1.453694761E1,2.872076315E0,1.586654580E1
1.645379629E1,6.431341971E0,-1.353738831E1,4.991666261E0,1.579682797E1
1.646374229E1,8.871851671E0,-1.285384997E1,7.328275031E0,1.725209628E1
1.647368829E1,1.253998547E1,-1.310432013E1,9.153824875E0,2.031666684E1
1.648363529E1,1.557818586E1,-1.362613735E1,9.501855243E0,2.277359758E1
1.649358129E1,1.637722542E1,-1.285757465E1,9.034294923E0,2.269689897E1
1.650352729E1,1.573341891E1,-1.190236648E1,8.535282429E0,2.149553080E1
1.651347429E1,1.348616553E1,-1.120966906E1,8.415464795E0,1.945130815E1
1.652342029E1,8.787253570E0,-1.019008890E1,7.237230960E0,1.527845702E1
1.653336629E1,4.015135054E0,-9.935246190E0,3.673288701E0,1.132799524E1
1.654331329E1,1.042068554E0,-9.775121943E0,6.516023102E-1,9.852081072E0
1.655325929E1,-1.164134443E0,-8.797297917E0,-2.860694709E-1,8.878597602E0
1.656320529E1,-2.626611371E0,-5.612194421E0,-2.391051318E0,6.641757291E0
1.657315129E1,-1.285681685E0,-7.557368356E-1,-3.279970770E0,3.603099195E0
1.658309829E1,-5.792000395E-1,3.508362721E0,-1.101894487E0,3.722667475E0
1.659304429E1,-1.182135097E0,5.680086442E0,-4.882848993E-2,5.802000482E0
1.660299029E1,-1.644552206E0,6.780739419E0,1.636666505E0,7.166704701E0
1.661293729E1,-1.647995047E0,8.316131126E0,5.381102518E0,1.004142365E1
1.662288329E1,-2.839323136E0,9.383953156E0,6.690284747E0,1.186929832E1
1.663282929E1,-4.767526113E0,1.031677584E1,5.142612718E0,1.247443925E1
1.664277629E1,-6.277747310E0,1.156430737E1,3.512070440E0,1.361902915E1
1.665272229E1,-6.603743032E0,1.343803944E1,2.355243116E0,1.515709392E1
1.666266829E1,-6.804218329E0,1.610672153E1,1.537130669E0,1.755239687E1
1.667261429E1,-7.711231989E0,1.792463958E1,-8.090815687E-1,1.952973159E1
1.668256129E1,-8.225827312E0,1.800548319E1,-6.140460534E0,2.072599612E1
1.669250729E1,-8.338190331E0,1.614836306E1,-9.578930901E0,2.054387901E1
1.670245329E1,-9.318462587E0,1.234614325E1,-9.432069309E0,1.811697904E1
1.671240029E1,-8.186722303E0,4.420945854E0,-1.139535558E1,1.471126484E1
1.672234629E1,-4.591789216E0,-2.081412891E0,-9.914072253E0,1.112230356E1
1.673229229E1,-2.162695620E0,-4.874757031E0,-7.430306606E0,9.146035464E0
1.674223929E1,-1.768628953E0,-2.555617987E0,-2.986558365E0,4.310308868E0
1.675218529E1,-4.476544688E0,1.341755898E0,2.256567405E0,5.189591283E0
1.676213129E1,-7.049242977E0,3.812005121E0,2.205105475E0,8.311780781E0
1.677207729E1,-6.572037674E0,7.437347238E0,-1.248843934E-1,9.925795144E0
1.678202429E1,-7.361011838E0,8.083236526E0,-3.865214199E-1,1.093949756E1
1.679197029E1,-8.288601850E0,7.970863566E0,5.125451432E-1,1.151079012E1
1.680191629E1,-8.795724431E0,7.722087929E0,7.726382124E-1,1.172997784E1
1.681186329E1,-8.464160991E0,7.277087336E0,-7.070764531E-1,1.118472076E1
1.682180929E1,-6.813318350E0,8.040540742E0,-4.100738876E0,1.130874271E1
1.683175529E1,-5.100422133E0,8.986146610E0,-6.198211729E0,1.204918941E1
1.684170129E1,-3.467532783E0,9.260763432E0,-4.198480933E0,1.074303333E1
1.685164829E1,-3.379399456E0,9.712647368E0,-4.006919131E0,1.103681387E1
1.686159429E1,-5.017281159E0,9.743331801E0,-4.182416877E0,1.173022744E1
1.687154029E1,-6.193411750E0,9.514561243E0,-3.822114372E0,1.197888906E1
1.688148729E1,-6.913644876E0,9.500513892E0,-2.794555099E0,1.207757376E1
1.689143329E1,-7.795284544E0,1.002525706E1,-1.587088695E0,1.279808934E1
1.690137929E1,-8.980716301E0,1.099582118E1,-1.145656657E-1,1.419769256E1
1.691132629E1,-1.008317958E1,1.200598499E1,6.281096596E-1,1.569103909E1
1.692127229E1,-1.155826719E1,1.269610963E1,1.189732823E0,1.721046788E1
1.693121829E1,-1.271071949E1,1.265582232E1,1.427034030E0,1.799357259E1
1.694116429E1,-1.312452226E1,1.123981263E1,1.097145817E0,1.731445065E1
1.695111129E1,-1.196056616E1,9.408328444E0,8.011327176E-1,1.523855638E1
1.696105729E1,-9.457813430E0,8.715067939E0,3.015770178E-1,1.286443130E1
1.697100329E1,-7.265603989E0,8.561083269E0,-7.578484114E-1,1.125413179E1
1.698095029E1,-5.264772162E0,7.564304323E0,-1.739955962E-1,9.217743774E0
1.699089629E1,-3.800332325E0,8.513315610E0,-1.263989684E0,9.408333453E0
1.700084229E1,-5.244011039E-1,9.978963482E0,-2.759096706E0,1.036664475E1
1.701078929E1,1.281749432E0,4.356838151E0,2.633911327E0,5.249991348E0
1.702073529E1,3.092978860E0,-8.743564929E0,1.107719220E1,1.444716695E1
1.703068129E1,1.650766042E0,-7.643800728E0,1.089311952E1,1.340942843E1
1.704062729E1,2.856751932E0,-1.439321369E1,5.584975632E0,1.570087847E1
1.705057429E1,1.916755766E1,-2.801446393E1,5.473026595E0,3.438254610E1
1.706052029E1,3.042510255E1,-3.399943765E1,1.531970969E1,4.812839214E1
1.707046629E1,3.352027236E1,-3.264084411E1,8.920198789E0,4.762985733E1
1.708041329E1,3.035250820E1,-1.281358838E1,-7.839614040E0,3.386624203E1
1.709035929E1,1.818561953E1,2.575348831E0,-3.526531774E0,1.870255612E1
1.710030529E1,1.171336459E0,5.579504977E0,1.834982572E0,5.989162373E0
1.711025129E1,-1.171118007E1,-3.441349536E-1,5.113533345E0,1.278352028E1
1.712019829E1,-1.631048997E1,-1.017783898E1,6.646890221E0,2.034211491E1
1.713014429E1,-1.104785789E1,-1.279067197E1,4.327671070E0,1.744663837E1
1.714009029E1,2.151374241E0,-9.732506851E0,-3.005302200E0,1.041066482E1
1.715003729E1,5.855356731E0,-7.677232184E0,-4.329291333E0,1.058148666E1
1.715998329E1,4.093236898E0,-6.109574956E0,-5.585798335E-1,7.375195311E0
1.716992929E1,4.487087803E0,-5.350961291E0,3.521977378E0,7.821193536E0
1.717987629E1,8.599590107E0,-3.469379919E0,7.240406583E0,1.176490691E1
1.718982229E1,1.259328401E1,-2.529394394E-1,8.741083370E0,1.533170959E1
1.719976829E1,1.242712485E1,2.218575706E0,5.760388008E0,1.387579115E1
1.720971429E1,5.240822552E0,1.407977954E0,1.198062912E0,5.557335484E0
1.721966129E1,-3.561889887E-2,-2.920970732E-1,-1.372231586E0,1.403427566E0
1.722960729E1,-1.481172230E0,1.992970830E-1,-1.445486088E0,2.079187470E0
1.723955329E1,-2.780741637E0,8.368862486E-1,-1.192022738E0,3.139079619E0
1.724950029E1,-1.699856926E0,1.492468466E0,4.709382570E-1,2.310575369E0
1.725944629E1,-1.841019237E0,1.679648364E0,1.016343144E0,2.691379543E0
1.726939229E1,-2.553151631E0,1.098501202E0,5.465807623E-1,2.832673414E0
1.727933929E1,-1.602204916E0,5.570309061E-1,6.294375622E-1,1.809291483E0
1.728928529E1,-4.125888920E-1,6.943974969E-1,7.581330246E-1,1.107782993E0
1.729923129E1,6.289908350E-1,3.140057132E-1,3.325007486E-1,7.776797581E-1
1.730917729E1,1.645612307E0,3.207607090E-1,2.390938175E-1,1.693544552E0
1.731912429E1,1.934685200E0,3.214395708E-1,3.794550598E-1,1.997577624E0
1.732907029E1,1.653265727E0,3.300022334E-2,8.680291039E-1,1.867578942E0
1.733901629E1,9.080234742E-1,-3.363505554E-1,1.303029204E0,1.623429528E0
1.734896329E1,2.614676034E-1,-4.187679371E-1,1.520555567E0,1.598693568E0
1.735890929E1,-1.814431947E-1,-5.348214269E-1,1.330101812E0,1.445035094E0
1.736885529E1,-2.524810177E-1,2.691239476E-2,7.962679803E-1,8.357712832E-1
1.737880229E1,-1.335556680E-1,4.410733107E-1,1.645324624E-1,4.893400791E-1
1.738874829E1,3.591453409E-1,7.417809936E-1,-4.001290601E-1,9.161482867E-1
1.739869429E1,9.561998534E-1,1.207197433E0,-8.643564677E-1,1.765999973E0
1.740864029E1,1.248844811E0,9.983305040E-1,-5.845859098E-1,1.702356556E0
1.741858729E1,1.195871961E0,1.025221849E0,1.823617923E-1,1.585700290E0
1.742853329E1,7.586896795E-1,9.072680140E-1,1.080835594E0,1.602170671E0
1.743847929E1,-1.233259642E-1,9.831832919E-1,1.571413479E0,1.857740294E0
1.744842629E1,-9.626236045E-1,1.063305057E0,1.810566938E0,2.309851615E0
1.745837229E1,-1.658010743E0,1.428584419E0,1.640342796E0,2.735064451E0
1.746831829E1,-2.029548672E0,1.579309851E0,1.119388626E0,2.804695762E0
1.747826529E1,-2.122220024E0,1.716532601E0,7.061167789E-1,2.819379879E0
1.748821129E1,-1.709870868E0,1.811206331E0,4.790705645E-1,2.536461189E0
1.749815729E1,-8.570258135E-1,1.854097120E0,2.502006036E-1,2.057855611E0
1.750810329E1,-1.347286195E-1,1.680258814E0,3.260044920E-1,1.716886837E0
1.751805029E1,6.177302670E-1,1.366349579E0,4.637824345E-1,1.569584659E0
1.752799629E1,1.222501350E0,1.168779472E0,5.681148881E-1,1.784183155E0
1.753794229E1,1.506489505E0,8.833230811E-1,6.595220715E-1,1.866745739E0
1.754788929E1,1.457478728E0,8.222600234E-1,7.762313265E-1,1.844692619E0
1.755783529E1,9.879093039E-1,8.155684698E-1,7.586534268E-1,1.488849134E0
1.756778129E1,5.867365158E-1,9.501550019E-1,7.323625910E-1,1.335443459E0
1.757772829E1,8.983077407E-3,1.174068570E0,7.604374123E-1,1.398850514E0
1.758767429E1,-3.745550931E-1,1.259717708E0,5.402967596E-1,1.420950671E0
1.759762029E1,-6.511395031E-1,1.028153058E0,3.643376684E-1,1.270363452E0
1.760756629E1,-5.867359310E-1,7.824223584E-1,1.858905870E-1,9.954893822E-1
1.761751329E1,-3.867336738E-1,5.463158834E-1,9.446761608E-2,6.759793705E-1
1.762745929E1,-2.205827022E-1,2.953519258E-1,1.818869984E-1,4.110624876E-1
1.763740529E1,-1.223354459E-2,1.189534163E-1,3.390566468E-1,3.595260556E-1
1.764735229E1,1.912752879E-1,-1.452001056E-1,3.926060325E-1,4.602269040E-1
1.765729829E1,3.847064441E-1,-4.139574328E-1,3.888328242E-1,6.859670324E-1
1.766724429E1,5.806799698E-1,-4.584734550E-1,3.410441154E-1,8.146767610E-1
1.767719129E1,6.065562379E-1,-4.707482225E-1,2.259276420E-1,8.003484605E-1
1.768713729E1,5.557731700E-1,-4.133732960E-1,1.652218491E-1,7.120811455E-1
1.769708329E1,4.465536135E-1,-3.167062497E-1,2.244488811E-1,5.916842728E-1
1.770702967E1,4.112615740E-1,-3.156876647E-1,2.697618788E-1,5.844366991E-1
1.771697667E1,5.352278084E-1,-3.705006337E-1,2.083889186E-1,6.834950386E-1
1.772692267E1,6.579368913E-1,-4.166395506E-1,1.616936392E-1,7.953705432E-1
1.773686867E1,6.624871945E-1,-4.304343018E-1,1.852503169E-1,8.114682070E-1
1.774681567E1,5.924650329E-1,-4.924905092E-1,2.222351253E-1,8.018417349E-1
1.775676167E1,5.247232854E-1,-5.083268157E-1,2.104822218E-1,7.602851067E-1
1.776670767E1,4.422798836E-1,-4.872122276E-1,1.998636782E-1,6.877010543E-1
1.777665467E1,4.355555856E-1,-4.633269364E-1,2.182859159E-1,6.723312124E-1
1.778660067E1,5.751479191E-1,-4.610243028E-1,3.181306314E-1,8.028359953E-1
1.779654667E1,6.440503389E-1,-6.132264492E-1,4.356982577E-1,9.902931327E-1
1.780649267E1,6.457062703E-1,-8.692479560E-1,4.954684961E-1,1.190805453E0
1.781643967E1,7.670751715E-1,-1.035541307E0,4.909024054E-1,1.379034187E0
1.782638567E1,9.662278283E-1,-1.096730080E0,6.409004438E-1,1.595984481E0
1.783633167E1,1.060645743E0,-1.242320487E0,8.331048542E-1,1.833682983E0
1.784627867E1,1.390589504E0,-1.346275211E0,9.974086905E-1,2.177388392E0
1.785622467E1,1.667637599E0,-1.430357003E0,1.189041243E0,2.498150394E0
1.786617067E1,1.861801411E0,-1.573235179E0,1.296895475E0,2.761034461E0
1.787611667E1,2.050607420E0,-1.619347199E0,1.310844592E0,2.923284058E0
1.788606367E1,2.116153538E0,-1.660421257E0,1.321297075E0,2.996820066E0
1.789600967E1,2.162974532E0,-1.683922679E0,1.281303874E0,3.025854265E0
1.790595567E1,2.269384502E0,-1.718326234E0,1.290764084E0,3.125511636E0
1.791590267E1,2.261981927E0,-1.797241718E0,1.318291022E0,3.175615097E0
1.792584867E1,2.091345556E0,-1.754565522E0,1.388705531E0,3.062797652E0
1.793579467E1,1.765208332E0,-1.529254762E0,1.396252533E0,2.721047908E0
1.794574167E1,1.416796725E0,-1.196137424E0,1.433857146E0,2.343929182E0
1.795568767E1,1.172908190E0,-7.471317807E-1,1.494168252E0,2.041190409E0
1.796563367E1,9.461601841E-1,-3.876356068E-1,1.495963347E0,1.812011808E0
1.797557967E1,8.328727198E-1,-1.368365407E-2,1.508155961E0,1.722904122E0
1.798552667E1,5.906880641E-1,1.816683125E-1,1.351014379E0,1.485649897E0
1.799547267E1,3.854502100E-1,3.492705631E-1,1.162853903E0,1.273888139E0
1.800541867E1,9.014476955E-2,5.353470916E-1,9.624400020E-1,1.104994726E0
1.801536567E1,-2.281718034E-1,8.679794025E-1,7.920147157E-1,1.196970311E0
1.802531167E1,-5.295460689E-1,1.200566690E0,6.433808327E-1,1.461409700E0
1.803525767E1,-8.368441486E-1,1.548115833E0,6.860228223E-1,1.888808639E0
1.804520467E1,-1.127106366E0,1.931745220E0,7.537616462E-1,2.360119695E0
1.805515067E1,-1.298399379E0,2.225442091E0,6.943486726E-1,2.668436532E0
1.806509667E1,-1.431860906E0,2.487582124E0,5.880977476E-1,2.929871916E0
1.807504367E1,-1.464989476E0,2.732433110E0,4.083900064E-1,3.127166012E0
1.808498967E1,-1.470620345E0,2.990264915E0,2.570494473E-1,3.342227234E0
1.809493567E1,-1.540174729E0,3.273783538E0,1.955770844E-1,3.623264722E0
1.810488167E1,-1.597059951E0,3.550498341E0,1.181503013E-1,3.894945244E0
1.811482867E1,-1.672766776E0,3.787496517E0,3.672986984E-2,4.140607158E0
1.812477467E1,-1.747383095E0,4.038938484E0,7.779135704E-3,4.400730880E0
1.813472067E1,-1.887977057E0,4.233698713E0,1.417569727E-2,4.635608170E0
1.814466767E1,-1.993156187E0,4.430244681E0,-2.293014854E-2,4.858010427E0
1.815461367E1,-2.115343698E0,4.603575448E0,-7.360533535E-2,5.066853424E0
1.816455967E1,-2.252567909E0,4.824163998E0,-1.231382686E-1,5.325578231E0
1.817450567E1,-2.273498603E0,5.048011785E0,-2.157663506E-1,5.540557192E0
1.818445267E1,-2.318657818E0,5.196472006E0,-3.140551221E-1,5.698958326E0
1.819439867E1,-2.306447663E0,5.353724100E0,-2.757935742E-1,5.835933915E0
1.820434467E1,-2.291601582E0,5.418629363E0,-1.548553205E-1,5.885317507E0
1.821429167E1,-2.184635543E0,5.384750596E0,1.531093419E-2,5.811058927E0
1.822423767E1,-1.837889223E0,5.367562705E0,1.626043430E-1,5.675826492E0
1.823418367E1,-1.585649695E0,4.962562330E0,2.909831786E-1,5.217852148E0
1.824413067E1,-1.198343579E0,4.270216329E0,3.815764296E-1,4.451558760E0
1.825407667E1,-5.430700940E-1,3.371150789E0,5.644247103E-1,3.460947561E0
1.826402267E1,1.897515035E-1,2.140599577E0,8.263337785E-1,2.302389996E0
1.827396867E1,1.075559651E0,6.841639924E-1,1.207273446E0,1.755681664E0
1.828391567E1,2.152795115E0,-9.507338762E-1,1.788790737E0,2.956043642E0
1.829386167E1,3.250190023E0,-2.538919508E0,2.487168726E0,4.816207609E0
1.830380767E1,4.651240781E0,-4.159827329E0,3.251613235E0,7.036419035E0
1.831375467E1,6.427074673E0,-6.270208495E0,3.907303627E0,9.792335016E0
1.832370067E1,8.368647893E0,-9.324411544E0,3.665784384E0,1.305438215E1
1.833364667E1,8.556235342E0,-1.184766812E1,2.431803195E0,1.481519726E1
1.834359267E1,6.875897006E0,-1.344087066E1,6.283529037E-1,1.511058540E1
1.835353967E1,6.644226814E0,-1.406803365E1,1.296075110E0,1.561201882E1
1.836348567E1,7.699965574E0,-1.240703732E1,4.802763188E0,1.537174613E1
1.837343167E1,9.379839640E0,-1.087993638E1,7.269295921E0,1.609959846E1
1.838337867E1,1.177864290E1,-1.078145641E1,8.420017437E0,1.805195071E1
1.839332467E1,1.395775985E1,-1.186096001E1,8.086425013E0,2.002228013E1
1.840327067E1,1.549465136E1,-1.270450506E1,6.113118369E0,2.094895907E1
1.841321767E1,1.578310854E1,-1.304903237E1,3.664627805E0,2.080416444E1
1.842316367E1,1.410533889E1,-1.332501159E1,1.936774410E0,1.950045164E1
1.843310967E1,1.051830481E1,-1.203844054E1,2.634922019E0,1.620190115E1
1.844305567E1,5.927075170E0,-1.014134066E1,2.420939654E0,1.199324640E1
1.845300267E1,1.207262921E0,-8.109353115E0,1.405515692E-1,8.199929661E0
1.846294867E1,-1.576318123E0,-4.717052363E0,-9.533680469E-1,5.064017422E0
1.847289467E1,-2.930868314E0,-1.093619362E0,-1.785997815E0,3.602191080E0
1.848284167E1,-3.981275582E0,5.882994765E-1,-3.007055487E0,5.023846558E0
1.849278767E1,-4.298679405E0,1.037932234E0,-3.209966734E0,5.464415283E0
1.850273367E1,-3.642513050E0,2.171221445E0,-2.694498422E0,5.024184076E0
1.851268067E1,-3.453901754E0,3.887114360E0,-2.115073265E0,5.613611163E0
1.852262667E1,-4.097011861E0,5.324899666E0,-1.451592043E0,6.873658567E0
1.853257267E1,-4.985301567E0,7.101262731E0,-4.460741419E-1,8.687931067E0
1.854251867E1,-5.286025622E0,9.575492738E0,-8.193679905E-1,1.096829485E1
1.855246567E1,-5.824511499E0,1.183065155E1,-1.760533483E0,1.330371108E1
1.856241167E1,-7.027653303E0,1.382344462E1,-2.099116505E0,1.564870034E1
1.857235767E1,-8.415863575E0,1.580156470E1,-2.166110979E0,1.803353108E1
1.858230467E1,-9.694965388E0,1.752262246E1,-3.285297875E0,2.029354168E1
1.859225067E1,-1.045156352E1,1.682591502E1,-3.760270126E0,2.016150360E1
1.860219667E1,-1.108585778E1,1.284701340E1,-2.987609695E0,1.722985223E1
1.861214367E1,-1.218377777E1,8.089669633E0,-2.727987765E0,1.487713389E1
1.862208967E1,-1.273317162E1,5.126102520E0,-2.804268201E0,1.400980038E1
1.863203567E1,-1.322232279E1,4.528037024E0,-3.495895580E0,1.440674235E1
1.864198167E1,-1.379409394E1,5.406405759E0,-5.949144316E0,1.596554318E1
1.865192867E1,-1.382948597E1,6.284741165E0,-8.516772484E0,1.741516773E1
1.866187467E1,-1.216962049E1,6.278755955E0,-8.146861834E0,1.593404521E1
1.867182067E1,-1.002902267E1,5.917476965E0,-5.397164819E0,1.283461014E1
1.868176767E1,-7.830268435E0,5.933074413E0,-2.257105933E0,1.008012911E1
1.869171367E1,-6.276547462E0,5.623933876E0,-1.602689651E0,8.578595129E0
1.870165892E1,-5.292370436E0,4.824024834E0,-2.247070357E0,7.505313159E0
1.871160492E1,-4.425195610E0,3.785612544E0,-2.115892752E0,6.195984236E0
1.872155192E1,-3.186240780E0,2.469459849E0,-2.061702511E0,4.527800735E0
1.873149792E1,-1.406116785E0,1.745827736E0,-2.379160713E0,3.268865949E0
1.874144392E1,1.875410221E0,1.632063723E0,-4.984074236E0,5.569720952E0
1.875139092E1,5.333118512E0,2.638222187E0,-8.785011163E0,1.061031529E1
1.876133692E1,4.869209778E0,4.465015733E0,-1.047839054E1,1.238718038E1
1.877128292E1,1.402455844E0,6.091062087E0,-7.367908044E0,9.661986787E0
1.878122992E1,-6.270747024E-1,7.244008468E0,-4.086293914E0,8.340664201E0
1.879117592E1,-1.545155388E0,7.941072003E0,-2.239523648E0,8.394259699E0
1.880112192E1,-2.641895408E0,8.092351166E0,-1.393755772E0,8.626025382E0
1.881106792E1,-4.018165081E0,8.077377616E0,-5.277597445E-1,9.037046538E0
1.882101492E1,-5.443984060E0,8.058864747E0,3.080839455E-2,9.725390100E0
1.883096092E1,-7.451630232E0,8.085698204E0,-2.881656978E-1,1.099947035E1
1.884090692E1,-9.168149384E0,8.278197314E0,2.197331017E-1,1.235442417E1
1.885085392E1,-1.046579330E1,8.218675582E0,7.347581953E-1,1.332739012E1
1.886079992E1,-1.103659148E1,8.181015421E0,4.294668800E-1,1.374481017E1
1.887074592E1,-1.126839148E1,8.496348159E0,2.377129975E-1,1.411456999E1
1.888069292E1,-1.105775840E1,8.772871174E0,-9.862340766E-1,1.414955643E1
1.889063892E1,-1.014514135E1,8.822590633E0,-3.770487551E0,1.396347288E1
1.890058492E1,-7.643093215E0,6.771897259E0,-5.978444713E0,1.183288923E1
1.891053092E1,-5.141971278E0,-9.861036837E-2,-4.410689837E0,6.775232651E0
1.892047792E1,1.070716987E0,-8.490778102E0,9.174096002E0,1.254606652E1
1.893042392E1,1.147582028E1,-1.437020373E1,1.061231283E1,2.123248431E1
1.894036992E1,1.701798670E1,-2.138330974E1,2.228448730E0,2.741940536E1
1.895031692E1,2.232255033E1,-3.288289779E1,6.349256419E0,4.024791022E1
1.896026292E1,2.275114656E1,-2.849207854E1,1.807790329E1,4.069672956E1
1.897020892E1,1.786522369E1,-2.392920615E1,1.967878557E1,3.576349711E1
1.898015592E1,2.154295978E1,-1.204538587E1,1.109766915E1,2.706194186E1
1.899010192E1,2.176560070E1,1.347617732E0,-1.934576442E0,2.189292199E1
1.900004792E1,1.607523778E1,9.399901437E0,-1.495762904E1,2.388518543E1
1.900999392E1,2.421377610E0,3.096347440E0,-1.133716643E1,1.199924079E1
1.901994092E1,-7.990751701E0,-5.642764249E0,-6.405009035E0,1.169260629E1
1.902988692E1,-8.536980461E0,-1.077366909E1,9.792004609E-1,1.378081328E1
1.903983292E1,-1.720597585E0,-1.150490784E1,4.331779323E0,1.241320557E1
1.904977992E1,4.420638875E0,-9.968356633E0,4.798758430E0,1.191378464E1
1.905972592E1,7.555833462E0,-5.588416134E0,6.255631387E0,1.128954996E1
1.906967192E1,7.227041017E0,-1.536367607E-1,6.747528403E0,9.888521916E0
1.907961892E1,4.554222025E0,2.660011836E0,5.253888155E0,7.444457130E0
1.908956492E1,1.973813013E0,3.293704417E0,4.049989137E0,5.580935281E0
1.909951092E1,-4.453075719E-1,3.108328385E0,2.023928913E0,3.735812152E0
1.910945692E1,-3.025945210E0,2.660248064E0,-8.781465411E-1,4.123639839E0
1.911940392E1,-4.495041770E0,2.965387936E0,-2.380600297E0,5.887799581E0
1.912934992E1,-5.327170724E0,3.605964444E0,-1.718452826E0,6.658438827E0
1.913929592E1,-5.204570984E0,3.853731437E0,-3.077623487E-1,6.483326521E0
1.914924292E1,-4.175699011E0,3.416293048E0,7.244092083E-1,5.443554824E0
1.915918892E1,-2.089108996E0,2.756111410E0,1.109178218E0,3.631914484E0
1.916913492E1,-2.176316124E-1,1.658917646E0,1.370870354E0,2.163020296E0
1.917908092E1,2.091576521E0,1.040626338E0,1.450678416E0,2.749920614E0
1.918902792E1,4.219356662E0,3.781368050E-1,1.426547542E0,4.470010735E0
1.919897392E1,4.744548894E0,-1.465513971E-1,1.526999783E0,4.986376426E0
1.920891992E1,4.017948149E0,-8.814923179E-1,1.412601348E0,4.349296335E0
1.921886692E1,2.848745924E0,-1.701312591E0,7.671710658E-1,3.405637872E0
1.922881292E1,1.439354113E0,-2.034820522E0,1.765473211E-1,2.498680407E0
1.923875892E1,1.875348240E-1,-1.663051043E0,2.826731157E-1,1.697295546E0
1.924870592E1,-1.125338168E0,-4.797967887E-1,1.033697096E0,1.601599399E0
1.925865192E1,-2.107179231E0,9.773939636E-1,1.557816364E0,2.796836623E0
1.926859792E1,-2.624625072E0,2.110232062E0,1.606699086E0,3.731382864E0
1.927854492E1,-2.483264540E0,2.362296758E0,1.206798068E0,3.633649726E0
1.928849092E1,-1.861250603E0,2.129416192E0,6.554518247E-1,2.903150740E0
1.929843692E1,-7.966755313E-1,1.704400797E0,1.361570942E-1,1.886322543E0
1.930838292E1,2.747016066E-1,1.466437247E0,1.518568683E-1,1.499653187E0
1.931832992E1,7.856780881E-1,1.520562583E0,6.589554763E-1,1.834018252E0
1.932827592E1,7.499802518E-1,1.178820895E0,1.351198567E0,1.943663203E0
1.933822192E1,7.033130389E-1,9.434342122E-1,1.962119751E0,2.287931656E0
1.934816892E1,4.562173069E-1,7.625140509E-1,2.092287542E0,2.273153991E0
1.935811492E1,1.380632865E-1,5.545092943E-1,1.861897305E0,1.947614850E0
1.936806092E1,-2.611191094E-2,4.990823677E-1,1.416459340E0,1.502039315E0
1.937800692E1,-1.556312460E-1,2.840618294E-1,1.073942896E0,1.121724365E0
1.938795392E1,3.706550002E-3,3.773447996E-1,7.217229974E-1,8.144242883E-1
1.939789992E1,-7.642720163E-2,-8.566170931E-5,6.888055122E-1,6.930325808E-1
1.940784592E1,1.408038765E-1,2.696063429E-2,9.729983193E-1,9.835030944E-1
1.941779292E1,2.963567698E-1,1.711988729E-1,1.034650776E0,1.089788336E0
1.942773892E1,3.358792698E-1,4.090656522E-1,1.104254277E0,1.224551796E0
1.943768492E1,3.326118457E-1,4.190728694E-1,1.086358874E0,1.210961730E0
1.944763192E1,3.104240012E-1,1.316570771E-1,9.768288302E-1,1.033388218E0
1.945757792E1,4.084408772E-1,-1.572137949E-1,7.832626033E-1,8.972404545E-1
1.946752392E1,5.817213589E-1,-3.014336148E-1,6.185079467E-1,9.010072384E-1
1.947746992E1,6.825203401E-1,-4.105096221E-1,5.124254215E-1,9.470649276E-1
1.948741692E1,6.851632816E-1,-5.052196053E-1,4.476160526E-1,9.617981610E-1
1.949736292E1,6.884201807E-1,-5.407949424E-1,3.681377739E-1,9.496878095E-1
1.950730892E1,6.856006533E-1,-5.517190030E-1,3.337842125E-1,9.411981803E-1
1.951725592E1,6.722719252E-1,-5.842201665E-1,2.647888219E-1,9.291802110E-1
1.952720192E1,6.767941618E-1,-6.775417283E-1,1.919985884E-1,9.767172513E-1
1.953714792E1,6.895855308E-1,-7.072838831E-1,6.173080981E-2,9.897420818E-1
1.954709492E1,6.038998479E-1,-6.474171656E-1,4.198417783E-2,8.863445627E-1
1.955704092E1,5.207939565E-1,-5.330763254E-1,4.373249531E-2,7.465314762E-1
1.956698692E1,4.228858387E-1,-4.179235992E-1,6.614955068E-3,5.945892069E-1
1.957693292E1,3.523707569E-1,-4.455666035E-1,-7.404913902E-3,5.681105361E-1
1.958687992E1,3.610842776E-1,-4.388230097E-1,-6.320840120E-2,5.717891144E-1
1.959682592E1,3.001194531E-1,-4.510214710E-1,-1.336702734E-1,5.579962325E-1
1.960677192E1,2.639444840E-1,-3.959082475E-1,-1.671642941E-1,5.043351389E-1
1.961671892E1,3.740048701E-1,-2.372610077E-1,-1.572813302E-1,4.700104738E-1
1.962666492E1,4.304258233E-1,-2.902411669E-1,-7.724522710E-2,5.248553605E-1
1.963661092E1,4.219222176E-1,-4.789042112E-1,-2.687263370E-2,6.388190195E-1
1.964655792E1,3.792357892E-1,-5.883409917E-1,-1.009814143E-2,7.000477689E-1
1.965650392E1,2.559612805E-1,-5.341144985E-1,-1.148743987E-2,5.923904421E-1
1.966644992E1,1.651148450E-1,-3.702012563E-1,-1.141891050E-1,4.211306613E-1
1.967639592E1,4.440843344E-2,-2.054524469E-1,-9.444071889E-2,2.304384219E-1
1.968634292E1,-8.796902061E-2,-8.576929808E-2,-4.869619668E-2,1.321599056E-1
1.969628892E1,-1.771022218E-1,5.306786746E-2,-8.329768002E-2,2.027804207E-1
1.970623529E1,-2.570009154E-1,2.439718571E-1,1.597166955E-2,3.547207801E-1
1.971618229E1,-3.261775696E-1,3.614371571E-1,9.483716011E-2,4.960067665E-1
1.972612829E1,-2.161622071E-1,4.383227804E-1,1.377650785E-1,5.077717760E-1
1.973607429E1,-1.718578541E-1,4.036417750E-1,1.688284117E-1,4.700689706E-1
1.974602129E1,1.547582567E-2,3.036584803E-1,2.722463608E-1,4.081250480E-1
1.975596729E1,2.462016928E-1,1.909218237E-1,2.859259218E-1,4.228711968E-1
1.976591329E1,3.967745125E-1,9.405187905E-2,3.444898796E-1,5.338061885E-1
1.977585929E1,5.295554245E-1,6.016667962E-2,3.793457168E-1,6.541805177E-1
1.978580629E1,5.765489119E-1,1.092052308E-1,3.416042787E-1,6.789903633E-1
1.979575229E1,5.591645551E-1,1.895994759E-1,4.384511268E-1,7.354266459E-1
1.980569829E1,4.956456667E-1,1.213276783E-1,3.979135501E-1,6.470859493E-1
1.981564529E1,4.885676122E-1,1.549798661E-1,5.231182247E-1,7.323726836E-1
1.982559129E1,6.177022004E-1,3.931699964E-1,8.130927587E-1,1.094193077E0
1.983553729E1,7.184754539E-1,5.704815486E-1,1.056112981E0,1.398939171E0
1.984548429E1,8.602680945E-1,5.877355126E-1,1.177716941E0,1.572422151E0
1.985543029E1,1.060526460E0,5.533597317E-1,1.321002960E0,1.782125749E0
1.986537629E1,1.151945922E0,3.817129621E-1,1.215514512E0,1.717602900E0
1.987532229E1,1.308402795E0,3.737975863E-1,1.040881569E0,1.713206628E0
1.988526929E1,1.083051689E0,3.380997500E-1,8.396929121E-1,1.411522790E0
1.989521529E1,8.856496882E-1,3.450307471E-1,7.957955253E-1,1.239641926E0
1.990516129E1,6.762796068E-1,3.297657135E-1,8.812958515E-1,1.158784669E0
1.991510829E1,5.450645792E-1,4.279021651E-1,9.803593791E-1,1.200541615E0
1.992505429E1,4.454438120E-1,4.114136016E-1,1.114311488E0,1.268610040E0
1.993500029E1,3.333526880E-1,2.788259402E-1,1.125559777E0,1.206545785E0
1.994494729E1,3.209378797E-1,1.453699672E-1,1.103781238E0,1.158648597E0
1.995489329E1,2.737520188E-1,-8.945567518E-2,1.024525738E0,1.064234689E0
1.996483929E1,2.641275018E-1,-1.625558111E-1,9.350609994E-1,9.851531868E-1
1.997478529E1,1.431462711E-1,-2.185250670E-1,8.399139369E-1,8.796018879E-1
1.998473229E1,5.583564699E-2,-4.049021423E-2,7.739655304E-1,7.770326371E-1
1.999467829E1,-1.225137860E-1,1.046417713E-1,7.279479432E-1,7.455653802E-1
2.000462429E1,-1.868436831E-1,2.425746650E-1,6.791342175E-1,7.449673250E-1
2.001457129E1,-1.318003339E-1,3.154011512E-1,5.966498852E-1,6.876338413E-1
2.002451729E1,-5.863821745E-2,3.909156024E-1,4.869619668E-1,6.272044370E-1
2.003446329E1,-2.542077005E-2,6.098394495E-1,4.394556785E-1,7.521114699E-1
2.004441029E1,-1.595787013E-1,1.019789493E0,4.000559700E-1,1.107014341E0
2.005435629E1,-3.809232956E-1,1.602476812E0,4.912830591E-1,1.718834935E0
2.006430229E1,-6.403677624E-1,2.205246393E0,5.055689764E-1,2.351336325E0
2.007424829E1,-9.144811392E-1,2.774061193E0,3.771044791E-1,2.945148391E0
2.008419529E1,-1.285141987E0,3.240011190E0,1.495027792E-1,3.488783960E0
2.009414129E1,-1.670047821E0,3.654534926E0,-1.204649216E-1,4.019850376E0
2.010408729E1,-2.065485660E0,4.077131912E0,-3.263763750E-1,4.582112742E0
2.011403429E1,-2.302311927E0,4.616655085E0,-4.899259204E-1,5.182101098E0
2.012398029E1,-2.474992484E0,5.144194974E0,-5.216394639E-1,5.732402416E0
2.013392629E1,-2.697256846E0,5.665323392E0,-4.829952157E-1,6.293200140E0
2.014387329E1,-3.045062097E0,6.033506774E0,-3.820892304E-1,6.769165336E0
2.015381929E1,-3.384780648E0,6.226939099E0,-2.675855452E-1,7.092468725E0
2.016376529E1,-3.582722932E0,6.320992733E0,-1.715245628E-1,7.267755734E0
2.017371129E1,-3.530673941E0,6.237478706E0,-7.335565925E-2,7.167787674E0
2.018365829E1,-3.208661343E0,5.897290623E0,-2.288658679E-2,6.713722373E0
2.019360429E1,-2.743455697E0,5.269349948E0,2.455245852E-2,5.940808098E0
2.020355029E1,-2.117759183E0,4.384515361E0,1.881084359E-1,4.872808604E0
2.021349729E1,-1.203851071E0,3.175621651E0,5.553533399E-1,3.441256690E0
2.022344329E1,-9.051489830E-3,1.535444916E0,9.338681674E-1,1.797159641E0
2.023338929E1,1.457337225E0,-6.297071189E-1,1.593166291E0,2.249120200E0
2.024333629E1,3.407350316E0,-3.330107720E0,2.774706725E0,5.513497168E0
2.025328229E1,6.178461589E0,-6.428615999E0,3.596380273E0,9.614283246E0
2.026322829E1,9.695316221E0,-9.735838594E0,3.891184022E0,1.428030192E1
2.027317429E1,1.108618756E1,-1.240430200E1,2.963189968E0,1.689824717E1
2.028312129E1,1.016778879E1,-1.374194496E1,1.978248711E0,1.720867363E1
2.029306729E1,1.112627958E1,-1.479584360E1,3.539214385E0,1.884773524E1
2.030301329E1,1.270053364E1,-1.395832352E1,5.827046267E0,1.975076754E1
2.031296029E1,1.301477470E1,-1.175427171E1,7.164994458E0,1.894424476E1
2.032290629E1,1.326235049E1,-1.064120042E1,7.617312841E0,1.863192265E1
2.033285229E1,1.459985429E1,-1.105331919E1,6.808345293E0,1.953676473E1
2.034279929E1,1.590957446E1,-1.293670735E1,5.219273808E0,2.115924800E1
2.035274529E1,1.636275707E1,-1.527819212E1,4.130051260E0,2.276445248E1
2.036269129E1,1.412770332E1,-1.643166767E1,3.770784882E0,2.199569327E1
2.037263729E1,9.735522260E0,-1.542792294E1,2.665461734E0,1.843653672E1
2.038258429E1,5.843620784E0,-1.318537306E1,-6.868811935E-2,1.442243685E1
2.039253029E1,2.249114544E0,-9.670749729E0,-2.795067900E0,1.031476229E1
2.040247629E1,-5.236865741E-1,-5.725832133E0,-2.902782091E0,6.440927349E0
2.041242329E1,-2.428409472E0,-2.771142848E0,-1.944270540E0,4.166124479E0
2.042236929E1,-3.900557694E0,-8.885136545E-1,-7.239575109E-1,4.065454626E0
2.043231529E1,-4.811662066E0,1.153869656E0,-8.612363935E-2,4.948830599E0
2.044226129E1,-4.917707754E0,2.958788184E0,-9.283764625E-1,5.813790495E0
2.045220829E1,-5.082719103E0,4.755701873E0,-1.844580191E0,7.200917294E0
2.046215429E1,-6.308283225E0,6.450472307E0,-1.645704985E0,9.171225388E0
2.047210029E1,-7.104893852E0,8.395940942E0,-2.494337413E-1,1.100152526E1
2.048204729E1,-7.971327251E0,1.020978817E1,-5.278834131E-1,1.296381477E1
2.049199329E1,-8.663885506E0,1.228204841E1,-1.459425266E0,1.510104458E1
2.050193929E1,-9.981146833E0,1.450044461E1,-2.329405586E0,1.775703568E1
2.051188629E1,-1.178214071E1,1.597327637E1,-3.638735457E0,2.017931598E1
2.052183229E1,-1.227944406E1,1.552419617E1,-3.437414068E0,2.008982899E1
2.053177829E1,-1.252300398E1,1.218631312E1,-1.682326389E0,1.755454580E1
2.054172429E1,-1.321729067E1,8.989028118E0,-4.491971397E-1,1.599065907E1
2.055167129E1,-1.289462845E1,7.588945075E0,-1.607274160E0,1.504815140E1
2.056161729E1,-1.174339823E1,7.629296125E0,-3.299849256E0,1.438758376E1
2.057156329E1,-1.027993604E1,8.794068500E0,-4.192336386E0,1.416292379E1
2.058151029E1,-8.879226764E0,9.734443449E0,-4.007036076E0,1.377157926E1
2.059145629E1,-8.234345536E0,9.736957167E0,-4.039941282E0,1.337661791E1
2.060140229E1,-7.678962375E0,8.998159715E0,-3.572466038E0,1.235701643E1
2.061134929E1,-6.765443687E0,7.742500559E0,-3.069906624E0,1.073041797E1
2.062129529E1,-5.362833477E0,6.527491246E0,-4.480179610E0,9.562433488E0
2.063124129E1,-3.560389491E0,4.789929135E0,-6.220708306E0,8.620731192E0
2.064118729E1,-6.176238477E-1,2.210329962E0,-6.982004090E0,7.349516914E0
2.065113429E1,3.540364532E0,-1.720560747E0,-8.991610833E0,9.815476335E0
2.066108029E1,7.016798531E0,-3.178726523E0,-9.246536572E0,1.203487443E1
2.067102629E1,5.723484476E0,-1.334512952E0,-8.202200468E0,1.009035638E1
2.068097329E1,1.458883229E0,2.562265686E0,-6.198863693E0,6.864361355E0
2.069091929E1,-8.907595700E-1,5.766608276E0,-3.235795348E0,6.672150714E0
2.070086529E1,-2.835263414E0,6.581409591E0,-4.836661837E-1,7.182451101E0
2.071081179E1,-4.978781921E0,6.294121853E0,1.452181150E0,8.155554513E0
2.072075779E1,-5.961597131E0,6.396559809E0,2.624084204E0,9.129207833E0
2.073070379E1,-6.701096249E0,6.291011134E0,2.047030385E0,9.416572913E0
2.074065079E1,-7.135836732E0,6.518830935E0,-2.902955461E-1,9.669518816E0
2.075059679E1,-7.267557544E0,6.845075163E0,-1.740001862E0,1.013410347E1
2.076054279E1,-7.060633938E0,6.863530145E0,-2.044247111E0,1.005681579E1
2.077048879E1,-7.819294381E0,7.317580474E0,-1.125107787E0,1.076820394E1
2.078043579E1,-9.434364926E0,8.321635110E0,-5.202413946E-2,1.258012555E1
2.079038179E1,-1.083212253E1,9.719697356E0,4.645460808E-1,1.456101639E1
2.080032779E1,-1.145591519E1,1.086640008E1,3.972142231E-1,1.579475934E1
2.081027479E1,-1.112561651E1,1.153691316E1,-1.882107621E-1,1.602857234E1
2.082022079E1,-9.895526054E0,1.151548546E1,-1.063891240E0,1.522037141E1
2.083016679E1,-8.499064776E0,1.043942002E1,-3.367033179E0,1.387632894E1
2.084011379E1,-7.453488477E0,9.242300264E0,-4.630514740E0,1.274426426E1
2.085005979E1,-3.393169064E0,6.650234828E0,-4.622345011E0,8.780961961E0
2.086000579E1,6.463500488E-1,-6.461266851E-1,1.295477525E0,1.585405341E0
2.086995179E1,4.571217542E0,-1.194502192E1,1.222287927E1,1.769119431E1
2.087989879E1,1.005220337E1,-1.822889828E1,4.977649316E0,2.140365664E1
2.088984479E1,1.686275949E1,-2.645002501E1,-3.338304055E-1,3.136985693E1
2.089979079E1,3.143860044E1,-3.072854264E1,9.220897116E0,4.491830221E1
2.090973779E1,2.419604500E1,-2.440701722E1,1.381702204E1,3.704134422E1
2.091968379E1,1.363186879E1,-1.805280587E1,8.642183565E0,2.421608935E1
2.092962979E1,1.142510855E1,-5.845131120E0,3.497203310E0,1.330146963E1
2.093957579E1,6.885356047E0,4.000608231E0,2.346440864E-1,7.966683875E0
2.094952279E1,2.052592549E0,7.561911058E0,-1.515498894E0,7.980750085E0
2.095946879E1,-1.999182327E0,-2.911559638E-1,-3.419632393E0,3.971824200E0
2.096941479E1,-3.773021150E-1,-8.057887677E0,-7.797764933E-1,8.104317496E0
2.097936179E1,3.059290127E0,-8.691266263E0,3.028950679E0,9.699067354E0
2.098930779E1,5.130182122E0,-5.601668848E0,4.701830306E0,8.933345998E0
2.099925379E1,4.013741078E0,-1.515523453E0,3.604338918E0,5.603408589E0
2.100920079E1,1.438284658E0,4.874051857E-1,4.433423227E0,4.686306443E0
2.101914679E1,-2.314164233E0,-2.368625200E-1,6.030257476E0,6.463394246E0
2.102909279E1,-3.207708247E0,-6.689317033E-1,5.966953765E0,6.807451730E0
2.103903979E1,-1.135723992E0,-3.664590383E-1,4.254720622E0,4.418914888E0
2.104898579E1,1.909565561E0,3.736838579E-1,1.276715564E0,2.327247922E0
2.105893179E1,3.663798085E0,1.110042436E0,-1.751022987E0,4.209714018E0
2.106887779E1,2.840179753E0,1.720282712E0,-2.963971156E0,4.450968283E0
2.107882479E1,5.265727597E-1,2.076349202E0,-2.068392895E0,2.977709531E0
2.108877079E1,-1.786415014E0,1.720672137E0,-8.441753876E-1,2.620042612E0
2.109871679E1,-2.725114151E0,9.718303379E-1,-2.746425498E-1,2.906222612E0
2.110866379E1,-1.806551070E0,2.204678044E-1,5.116389710E-1,1.890504498E0
2.111860979E1,-2.443726838E-1,-4.049892658E-1,1.225572892E0,1.313683078E0
2.112855579E1,8.952233344E-1,-1.428459289E0,1.581826785E0,2.311730247E0
2.113850279E1,2.039615239E0,-1.930751778E0,1.887937295E0,3.384101060E0
2.114844879E1,3.136440629E0,-1.954123099E0,2.298654494E0,4.351973045E0
2.115839479E1,4.402235933E0,-1.448287489E0,2.310363543E0,5.178319956E0
2.116834079E1,5.986547200E0,-8.409079635E-1,1.749283440E0,6.293319167E0
2.117828779E1,5.619870061E0,-8.366064593E-1,9.607162428E-1,5.762449615E0
2.118823379E1,3.155854554E0,-1.571075510E0,9.070504975E-1,3.640114947E0
2.119817979E1,6.457062703E-1,-1.730811794E0,1.144923416E0,2.173360458E0
2.120812679E1,-1.212620725E0,-1.216958482E0,1.314598505E0,2.163239746E0
2.121807279E1,-2.081943233E0,-2.751623672E-1,1.059908409E0,2.352362172E0
2.122801879E1,-2.021550266E0,4.090644827E-1,5.603749287E-1,2.137292514E0
2.123796579E1,-1.287130040E0,7.303338996E-1,2.468595046E-1,1.500343614E0
2.124791179E1,-1.776331490E-1,7.903935751E-1,2.728304976E-1,8.548169510E-1
2.125785779E1,1.059133653E0,9.833122230E-1,6.604044163E-1,1.588962245E0
2.126780379E1,1.869660653E0,7.192537183E-1,1.224455490E0,2.347817735E0
2.127775079E1,1.974814641E0,3.750047439E-1,1.771911580E0,2.679588041E0
2.128769679E1,1.533123572E0,1.657483909E-1,1.979349157E0,2.509136007E0
2.129764279E1,8.470925635E-1,-6.038770437E-2,1.817908702E0,2.006490602E0
2.130758979E1,-6.334931910E-2,5.563450277E-2,1.401818497E0,1.404351606E0
2.131753579E1,-7.398961437E-1,3.507744670E-1,8.844931090E-1,1.205328623E0
2.132748179E1,-1.385699478E0,6.233427170E-1,5.152350086E-1,1.604427094E0
2.133742879E1,-1.616628828E0,9.912489411E-1,2.676796854E-1,1.915128101E0
2.134737479E1,-1.583017278E0,1.068778051E0,1.712438965E-1,1.917695152E0
2.135732079E1,-1.125486687E0,1.229114843E0,2.209428906E-1,1.681148221E0
2.136726679E1,-5.524934667E-1,1.584983405E0,3.543003380E-1,1.715502886E0
2.137721379E1,-1.703410864E-1,1.544901618E0,5.161688089E-1,1.637732376E0
2.138715979E1,2.995470107E-2,1.161043605E0,6.809608877E-1,1.346338467E0
2.139710579E1,1.511452621E-1,7.843764979E-1,5.492891926E-1,9.694379803E-1
2.140705279E1,6.963449121E-3,2.905072153E-1,2.272070128E-1,3.688711949E-1
2.141699879E1,-1.634396178E-1,2.498719901E-2,-6.288680434E-2,1.768943722E-1
2.142694479E1,-2.964883322E-1,-1.183950073E-1,-2.230379480E-1,3.894465754E-1
2.143689179E1,-3.791474962E-1,-2.186718321E-1,-2.679410559E-1,5.131886627E-1
2.144683779E1,-4.259661520E-1,-2.895175740E-1,-2.141414094E-1,5.577850226E-1
2.145678379E1,-4.289447236E-1,-2.623864934E-1,-1.698715550E-1,5.307509708E-1
2.146673079E1,-3.516357619E-1,-2.045513910E-1,-1.551278007E-1,4.353775547E-1
2.147667679E1,-2.553701270E-1,-1.632373041E-1,-1.998584157E-1,3.630478006E-1
2.148662279E1,-1.496343416E-1,-3.724647135E-2,-2.481891614E-1,2.921910260E-1
2.149656879E1,-1.263483900E-1,8.544887066E-2,-2.583329111E-1,3.000021969E-1
2.150651579E1,-1.225441915E-1,2.014123133E-1,-2.159400129E-1,3.197093805E-1
2.151646179E1,-9.339465201E-2,1.731693846E-1,-1.745674539E-1,2.630285018E-1
2.152640779E1,-7.397195578E-2,9.414660394E-2,-1.827377683E-1,2.184685910E-1
2.153635479E1,-1.571029902E-2,4.026977420E-2,-1.903637069E-1,1.952096543E-1
2.154630079E1,-5.682908893E-3,-9.317830503E-3,-1.886259145E-1,1.889414010E-1
2.155624679E1,-1.193884492E-2,-9.798413157E-2,-1.429170603E-1,1.736914280E-1
2.156619379E1,1.023052239E-1,-1.137254208E-1,-9.876531959E-2,1.820835482E-1
2.157613979E1,2.793220764E-1,-7.260136843E-2,-7.783053339E-2,2.989136548E-1
2.158608579E1,3.310863072E-1,-7.175381452E-2,1.705281973E-2,3.392013434E-1
2.159603179E1,3.045960814E-1,-1.088067430E-1,9.242109060E-3,3.235785789E-1
2.160597879E1,1.631630445E-1,-2.300724408E-1,-2.944891691E-2,2.835890439E-1
2.161592479E1,1.330943227E-2,-1.921661112E-1,1.191779494E-2,1.929947904E-1
2.162587079E1,1.979457915E-2,5.781873018E-2,6.347035646E-2,8.810968773E-2
2.163581779E1,4.377225637E-3,3.924446493E-2,1.418019962E-1,1.471974669E-1
2.164576379E1,-8.031267643E-2,-3.042540193E-2,6.998415470E-2,1.107863394E-1
2.165570979E1,-2.491147757E-2,-1.529923975E-2,3.805309474E-2,4.798631546E-2
2.166565679E1,3.115864277E-2,-5.297723562E-2,1.321599376E-1,1.457521788E-1
2.167560279E1,1.239159483E-1,-4.276709077E-1,2.955580401E-1,5.344269104E-1
2.168554879E1,2.894664109E-1,-5.343632975E-1,2.873450410E-1,6.722366469E-1
2.169549579E1,5.692638659E-1,-3.824862564E-1,1.270085406E-1,6.974871001E-1
2.170544192E1,6.944042212E-1,-5.308105293E-1,2.310205668E-1,9.040616919E-1
2.171538792E1,7.561964267E-1,-5.721418655E-1,4.562535596E-1,1.052305403E0
2.172533392E1,7.995465142E-1,-5.700134790E-1,5.757531059E-1,1.138280121E0
2.173528092E1,8.487672061E-1,-5.896572000E-1,5.899010289E-1,1.189993533E0
2.174522692E1,7.678598678E-1,-6.341878402E-1,6.729297370E-1,1.201930707E0
2.175517292E1,8.251543951E-1,-6.181848881E-1,7.847928196E-1,1.295736123E0
2.176511992E1,9.552426642E-1,-6.535251671E-1,1.003288651E0,1.531721844E0
2.177506592E1,1.088425865E0,-7.547428089E-1,1.417266841E0,1.939833206E0
2.178501192E1,1.440406612E0,-9.323616323E-1,1.657535364E0,2.385684997E0
2.179495892E1,1.689582199E0,-1.448920158E0,1.742632817E0,2.826805046E0
2.180490492E1,1.913211300E0,-1.623584676E0,1.672349285E0,3.015486165E0
2.181485092E1,1.926930622E0,-1.461546343E0,1.524151604E0,2.858709053E0
2.182479692E1,1.754588034E0,-1.257249306E0,1.443893892E0,2.596937534E0
2.183474392E1,1.378188729E0,-8.622084931E-1,1.510184945E0,2.218888512E0
2.184468992E1,1.000484326E0,-5.578886926E-1,1.587944727E0,1.958003354E0
2.185463592E1,7.690275568E-1,-2.543185052E-1,1.651072437E0,1.839054506E0
2.186458292E1,6.635525572E-1,9.332156181E-3,1.608828058E0,1.740320891E0
2.187452892E1,5.511445141E-1,1.784798259E-1,1.460453791E0,1.571158999E0
2.188447492E1,3.255700439E-1,4.421816504E-1,1.260494218E0,1.374905866E0
2.189442192E1,-2.469863892E-2,7.148139274E-1,1.102550399E0,1.314224621E0
2.190436792E1,-3.912775451E-1,1.058825797E0,1.009698368E0,1.514496940E0
2.191431392E1,-7.329695320E-1,1.460174002E0,9.604642278E-1,1.895216078E0
2.192425992E1,-9.769171232E-1,1.832677307E0,9.464560533E-1,2.282291006E0
2.193420692E1,-1.131100599E0,2.147079754E0,8.970213532E-1,2.587274114E0
2.194415292E1,-1.332285163E0,2.371628914E0,8.237352759E-1,2.842208168E0
2.195409892E1,-1.426214835E0,2.581154532E0,8.464932239E-1,3.068060992E0
2.196404592E1,-1.532186848E0,2.767574292E0,7.394155025E-1,3.248661152E0
2.197399192E1,-1.622349744E0,3.015055940E0,6.282061386E-1,3.480980317E0
2.198393792E1,-1.639470391E0,3.381916097E0,5.608450449E-1,3.799969318E0
2.199388492E1,-1.546495569E0,3.814218292E0,4.970449054E-1,4.145716267E0
2.200383092E1,-1.373862959E0,4.224603369E0,3.466732299E-1,4.455889965E0
2.201377692E1,-1.173251422E0,4.692891083E0,2.742233044E-1,4.845094843E0
2.202372292E1,-1.150569488E0,5.109872988E0,2.243547410E-1,5.242608811E0
2.203366992E1,-1.242481871E0,5.471373003E0,8.333861053E-2,5.611294775E0
2.204361592E1,-1.496218286E0,5.705363370E0,-2.564080077E-1,5.903861906E0
2.205356192E1,-2.054237956E0,6.126866342E0,-5.429315150E-1,6.484840737E0
2.206350892E1,-2.590950957E0,6.653033890E0,-6.528147304E-1,7.169522570E0
2.207345492E1,-2.834976316E0,7.180492503E0,-6.702651608E-1,7.748923711E0
2.208340092E1,-2.869567274E0,7.696642016E0,-5.525589556E-1,8.232741710E0
2.209334792E1,-2.700474569E0,7.989880466E0,-3.306273007E-1,8.440383117E0
2.210329392E1,-2.391775496E0,7.860697930E0,-7.333694816E-2,8.216844911E0
2.211323992E1,-1.985225024E0,7.352109452E0,2.231233174E-1,7.618688588E0
2.212318692E1,-1.580459706E0,6.272837988E0,5.401844931E-1,6.491390344E0
2.213313292E1,-1.062706302E0,4.917568005E0,9.182800752E-1,5.114201606E0
2.214307892E1,-4.319379133E-1,2.865147949E0,1.277828289E0,3.166778847E0
2.215302492E1,7.920521379E-1,2.231411514E-1,1.600234990E0,1.799413956E0
2.216297192E1,2.747670954E0,-3.008761413E0,2.499143239E0,4.779964209E0
2.217291792E1,5.456491254E0,-6.633707088E0,3.764273130E0,9.378119147E0
2.218286392E1,9.170459619E0,-1.071053670E1,4.207429512E0,1.471446190E1
2.219281092E1,1.151743609E1,-1.464639930E1,2.748070319E0,1.883401808E1
2.220275692E1,1.024934341E1,-1.618123376E1,1.387241389E0,1.920431736E1
2.221270292E1,7.610090361E0,-1.531177502E1,2.183682446E0,1.723752878E1
2.222264992E1,6.535789030E0,-1.334146565E1,4.478409365E0,1.551668117E1
2.223259592E1,7.181986467E0,-1.113731094E1,6.367899681E0,1.470274705E1
2.224254192E1,9.008664238E0,-9.457045106E0,7.196127373E0,1.491227624E1
2.225248792E1,1.099763499E1,-9.126291506E0,7.609310927E0,1.619070056E1
2.226243492E1,1.269347605E1,-1.046111553E1,7.606049935E0,1.812212095E1
2.227238092E1,1.428420756E1,-1.320753401E1,6.789555851E0,2.060523256E1
2.228232692E1,1.500088441E1,-1.684554763E1,6.018280624E0,2.334563577E1
2.229227392E1,1.512610604E1,-1.873896493E1,5.141616937E0,2.462486783E1
2.230221992E1,1.283655624E1,-1.804919697E1,3.896319632E0,2.248848581E1
2.231216592E1,7.879306110E0,-1.566355170E1,1.094485042E0,1.756781756E1
2.232211292E1,2.252114750E0,-1.192623248E1,-1.841580570E0,1.227593014E1
2.233205892E1,-1.133902584E0,-7.072497354E0,-2.958922085E0,7.749914438E0
2.234200492E1,-1.648506678E0,-2.053824558E0,-2.897921593E0,3.915829304E0
2.235195092E1,-1.402173423E0,1.754715503E0,-2.450786766E0,3.324375517E0
2.236189792E1,-2.330039424E0,3.661642801E0,-1.646133001E0,4.641817056E0
2.237184392E1,-3.957601376E0,5.087359453E0,-9.432605499E-1,6.514105873E0
2.238178992E1,-4.625145827E0,6.955794531E0,-1.290333437E0,8.452219345E0
2.239173692E1,-4.864719116E0,9.136838713E0,-2.688818729E-1,1.035469030E1
2.240168292E1,-5.765256400E0,1.041757015E1,2.290645270E0,1.212480948E1
2.241162892E1,-6.477775295E0,1.211885847E1,1.180382394E0,1.379208490E1
2.242157592E1,-6.229812421E0,1.524790471E1,-4.425203504E-1,1.647740832E1
2.243152192E1,-6.043873887E0,1.843759476E1,-1.582065059E0,1.946731214E1
2.244146792E1,-5.880408542E0,2.070879833E1,-2.884849265E0,2.171994218E1
2.245141392E1,-7.369280970E0,1.982770947E1,-4.401023220E0,2.160586426E1
2.246136092E1,-9.221820976E0,1.478490463E1,-3.284373138E0,1.773196250E1
2.247130692E1,-9.768955470E0,1.021458990E1,-1.240135383E0,1.418831468E1
2.248125292E1,-9.881237798E0,8.285735545E0,-2.960561060E0,1.323091817E1
2.249119992E1,-1.067770108E1,6.747154766E0,-6.423440044E0,1.417032038E1
2.250114592E1,-1.195400792E1,5.409024727E0,-8.773273462E0,1.578373153E1
2.251109192E1,-1.169161762E1,5.219678435E0,-8.439921944E0,1.533529420E1
2.252103892E1,-1.013531803E1,5.520687250E0,-5.434511570E0,1.275682465E1
2.253098492E1,-9.302330119E0,4.604883471E0,-1.513924239E0,1.048953116E1
2.254093092E1,-7.256069520E0,2.316501365E0,4.259775540E-1,7.628773186E0
2.255087792E1,-4.999137833E0,-1.631114720E0,-1.871057553E0,5.581466713E0
2.256082392E1,-2.209753427E0,-4.970387074E0,-4.257449518E0,6.907505647E0
2.257076992E1,7.144069612E-2,-4.712890314E0,-5.165681153E0,6.992903593E0
2.258071592E1,8.809210449E-1,-1.666758177E0,-6.438122987E0,6.708467210E0
2.259066292E1,1.982767439E-1,2.596818638E0,-6.049428742E0,6.586225688E0
2.260060892E1,-8.948584682E-1,5.637992921E0,-3.995330535E0,6.967811847E0
2.261055492E1,-3.049052821E0,6.844178785E0,-2.102223131E0,7.781956595E0
2.262050192E1,-4.949016670E0,6.361381205E0,-1.724603805E0,8.242220279E0
2.263044792E1,-5.754203993E0,5.554471292E0,-2.511475309E0,8.382751527E0
2.264039392E1,-5.940302741E0,5.138683974E0,-3.092341221E0,8.441317661E0
2.265034092E1,-5.491214359E0,5.696334684E0,-3.187957815E0,8.530225027E0
2.266028692E1,-5.862109680E0,6.488472192E0,-3.530032502E0,9.430044048E0
2.267023292E1,-7.002710250E0,7.354924886E0,-3.370892634E0,1.070027047E1
2.268017892E1,-7.614227266E0,8.412244733E0,-2.732920476E0,1.167095423E1
2.269012592E1,-7.751568421E0,9.473161202E0,-2.242574141E0,1.244414460E1
2.270007192E1,-7.771929595E0,1.059132601E1,-1.484743710E0,1.322057261E1
2.271001783E1,-8.068030257E0,1.182268062E1,-1.137982479E0,1.435840846E1
2.271996483E1,-8.919533960E0,1.289248603E1,-1.180663353E0,1.572158542E1
2.272991083E1,-9.975983741E0,1.374263844E1,-1.891716059E0,1.708680639E1
2.273985683E1,-1.014993607E1,1.333979335E1,-3.163214445E0,1.705805424E1
2.274980383E1,-9.535391949E0,1.169110073E1,-3.178009070E0,1.541769365E1
2.275974983E1,-8.299485272E0,1.038049646E1,-3.036955225E0,1.363302093E1
2.276969583E1,-6.564345077E0,9.374406992E0,-2.912370647E0,1.180898114E1
2.277964283E1,-4.707338968E0,8.813100017E0,-2.835113141E0,1.038593465E1
2.278958883E1,-1.089374868E0,7.947238476E0,-1.312487075E0,8.128219936E0
2.279953483E1,6.710234277E0,1.279850841E0,1.173246276E1,1.357630085E1
2.280948083E1,1.511403622E1,-1.381237701E1,1.873441346E1,2.775237102E1
2.281942783E1,1.983055590E1,-2.960212800E1,1.081360674E1,3.723534638E1
2.282937383E1,3.171153677E1,-3.792740300E1,1.332177457E1,5.120135877E1
2.283931983E1,1.745164895E1,-2.415443154E1,1.263689020E1,3.236800284E1
2.284926683E1,3.054284910E0,-2.506603585E1,1.021402623E1,2.723896366E1
2.285921283E1,1.186900578E1,-1.749989550E1,7.627056642E0,2.247869288E1
2.286915883E1,1.284604978E1,-5.832971835E0,1.969962037E-1,1.410969039E1
2.287910583E1,7.859601578E0,4.913797721E0,-8.676979761E0,1.269679971E1
2.288905183E1,6.125905645E0,7.507430795E0,-7.198386737E0,1.207083298E1
2.289899783E1,5.850551489E0,-2.453896607E0,-2.781553230E0,6.927308255E0
2.290894383E1,5.627936295E0,-1.272467445E1,-1.769355762E0,1.402574870E1
2.291889083E1,2.765633601E0,-1.217679970E1,-2.578974690E0,1.275046237E1
2.292883683E1,4.767153060E-1,-6.342044463E0,-4.485855210E-1,6.375736383E0
2.293878283E1,6.364863807E-1,-9.608919516E-1,2.265191463E0,2.541558699E0
2.294872983E1,2.386330569E-1,2.041744502E0,5.048224624E0,5.450709881E0
2.295867583E1,-1.230935374E0,2.074411142E0,6.782135149E0,7.198315127E0
2.296862183E1,-1.568112726E0,2.383201139E0,7.682976488E0,8.195532497E0
2.297856883E1,5.915861964E-1,2.968944798E0,8.498953679E0,9.022018680E0
2.298851483E1,3.904504564E0,1.771435324E0,7.177395233E0,8.360510830E0
2.299846083E1,6.162738426E0,1.818127388E-1,1.748164283E0,6.408469329E0
2.300840783E1,4.194956231E0,-8.125475058E-1,-3.342614622E0,5.425031220E0
2.301835383E1,6.667387050E-1,-1.157829391E0,-4.790546601E0,4.973373717E0
2.302829983E1,-2.097476946E0,-1.453122260E0,-3.138806412E0,4.045130348E0
2.303824583E1,-3.564129370E0,-2.110131490E0,-1.079452727E0,4.280291026E0
2.304819283E1,-3.826102758E0,-1.498270074E0,4.106710052E-1,4.129470451E0
2.305813883E1,-2.904926557E0,1.247465453E-1,7.513175100E-1,3.003104727E0
2.306808483E1,-1.511906365E0,1.093375240E0,4.958362859E-1,1.930591592E0
2.307803183E1,4.738817453E-1,1.184524854E0,9.421723831E-1,1.585986077E0
2.308797783E1,2.479466774E0,1.468944533E0,2.062086089E0,3.543691939E0
2.309792383E1,4.577723739E0,2.049630935E0,3.244354502E0,5.973472837E0
2.310787083E1,6.328622180E0,1.968723012E0,3.623961589E0,7.553835224E0
2.311781683E1,5.731357752E0,9.283080500E-1,2.573049121E0,6.350653455E0
2.312776283E1,2.146863699E0,-1.173618042E0,1.222246411E0,2.735011763E0
2.313770983E1,-9.764932001E-1,-2.044711672E0,1.052873039E0,2.498584885E0
2.314765583E1,-2.423910624E0,-1.411113231E0,1.248791016E0,3.070189288E0
2.315760183E1,-3.090247040E0,-6.190716183E-1,8.919184881E-1,3.275422878E0
2.316754783E1,-2.968843056E0,-3.308921796E-1,-8.626280308E-2,2.988471180E0
2.317749483E1,-2.249682308E0,3.876870623E-1,-6.051172382E-1,2.361681312E0
2.318744083E1,-9.569629151E-1,8.513329643E-1,-7.075247884E-1,1.463262507E0
2.319738683E1,3.287924445E-1,1.243727035E0,-3.950934380E-1,1.345756380E0
2.320733383E1,1.312326277E0,1.770635718E0,5.595253283E-1,2.273855689E0
2.321727983E1,1.424213918E0,1.971849518E0,1.563948339E0,2.891800514E0
2.322722583E1,6.778484148E-1,1.836963901E0,2.106491014E0,2.875972746E0
2.323717283E1,-4.628866410E-1,1.387249282E0,2.000638869E0,2.478160708E0
2.324711883E1,-1.384149381E0,7.873308036E-1,1.481668659E0,2.175109496E0
2.325706483E1,-1.673890611E0,6.875059685E-1,8.025426275E-1,1.979557754E0
2.326701183E1,-1.816174418E0,5.380979142E-1,1.260472584E-1,1.898401115E0
2.327695783E1,-1.645888295E0,6.754501793E-1,-3.052357668E-1,1.805090053E0
2.328690383E1,-1.255426437E0,8.492788374E-1,-4.389726985E-1,1.577994649E0
2.329684983E1,-7.979291743E-1,7.752557185E-1,-3.062596142E-1,1.153909592E0
2.330679683E1,-2.606267738E-1,6.527147430E-1,6.507892549E-2,7.058315079E-1
2.331674283E1,2.656512862E-1,5.193321526E-1,5.574103904E-1,8.068350723E-1
2.332668883E1,6.235002995E-1,5.061867347E-1,8.092756963E-1,1.140133670E0
2.333663583E1,6.177098018E-1,2.981977656E-1,8.611586255E-1,1.100945723E0
2.334658183E1,4.583059323E-1,-2.506233573E-2,7.233923775E-1,8.567198959E-1
2.335652783E1,2.673844010E-1,-2.885215008E-1,3.573198402E-1,5.314287746E-1
2.336647483E1,1.812344491E-1,-4.251832098E-1,2.765265226E-2,4.630241426E-1
2.337642083E1,1.649253953E-1,-5.597077614E-1,-1.311372596E-1,5.980553027E-1
2.338636683E1,1.492186046E-1,-7.730960494E-1,-1.402419591E-1,7.997571511E-1
2.339631383E1,3.089089876E-1,-9.228099132E-1,-8.728606582E-2,9.770474685E-1
2.340625983E1,5.889584577E-1,-9.510665828E-1,1.056036383E-1,1.123633320E0
2.341620583E1,8.669204718E-1,-8.967474112E-1,3.071729493E-1,1.284547486E0
2.342615183E1,1.041964474E0,-8.590951431E-1,3.856297195E-1,1.404437507E0
2.343609883E1,1.212959279E0,-7.464242676E-1,2.745209277E-1,1.450441705E0
2.344604483E1,1.131804019E0,-6.513652056E-1,1.351642370E-2,1.305924830E0
2.345599083E1,7.459801716E-1,-5.020591852E-1,-1.722847009E-1,9.155500314E-1
2.346593783E1,3.630957198E-1,-2.703357831E-1,-1.756813484E-1,4.855758165E-1
2.347588383E1,8.081378281E-2,-5.918200850E-2,-9.431149542E-2,1.375791983E-1
2.348582983E1,-4.347170949E-2,9.001408428E-2,3.147614658E-2,1.048001560E-1
2.349577683E1,-5.666595161E-2,1.881058046E-1,1.554002810E-1,2.504876666E-1
2.350572283E1,-3.066864610E-3,2.069423175E-1,2.355276006E-1,3.135407136E-1
2.351566883E1,9.541194141E-2,2.277955350E-1,1.729881209E-1,3.015279992E-1
2.352561583E1,1.930931872E-1,2.391441035E-1,6.797855973E-2,3.147951172E-1
2.353556183E1,2.105868870E-1,7.993933171E-2,-7.411345840E-3,2.253709426E-1
2.354550783E1,2.001905376E-1,9.949037433E-3,1.462049496E-1,2.480949858E-1
2.355545383E1,2.700273424E-1,3.153140277E-2,1.139154553E-1,2.947638478E-1
2.356540083E1,2.536030984E-1,5.721061975E-2,2.161873502E-1,3.381191460E-1
2.357534683E1,2.315444773E-1,1.837461206E-1,3.423141307E-1,4.522769571E-1
2.358529283E1,2.917158347E-1,2.770726526E-1,3.915769225E-1,5.614266375E-1
2.359523983E1,3.140627235E-1,3.162680009E-1,3.913424492E-1,5.931355286E-1
2.360518583E1,2.879449654E-1,3.085049450E-1,3.480981964E-1,5.470465780E-1
2.361513183E1,3.042049026E-1,3.491734993E-1,3.890661281E-1,6.048431264E-1
2.362507883E1,2.835747564E-1,3.332111853E-1,4.607617629E-1,6.354098981E-1
2.363502483E1,3.170921659E-1,1.877128717E-1,4.434159976E-1,5.765425491E-1
2.364497083E1,4.101962113E-1,-8.203468144E-2,3.467065591E-1,5.433194814E-1
2.365491783E1,4.791857547E-1,-2.459020230E-1,3.149707961E-1,6.239338064E-1
2.366486383E1,5.563415194E-1,-3.688613668E-1,3.862653118E-1,7.712168860E-1
2.367480983E1,5.897805762E-1,-5.389589167E-1,5.676377553E-1,9.800665606E-1
2.368475583E1,6.248153383E-1,-5.972328526E-1,7.602625805E-1,1.151121400E0
2.369470283E1,7.803372413E-1,-6.410279131E-1,1.059116696E0,1.463410801E0
2.370464883E1,9.747922450E-1,-6.685399398E-1,1.276562367E0,1.739763504E0
2.371459529E1,1.216422585E0,-6.767631716E-1,1.309250057E0,1.910975669E0
2.372454229E1,1.452213895E0,-5.071214122E-1,1.269494253E0,1.994420462E0
2.373448829E1,1.648298517E0,-3.681623322E-1,1.173653126E0,2.056670408E0
2.374443429E1,1.713275701E0,-4.924644890E-1,1.134307796E0,2.112933761E0
2.375438129E1,1.720359018E0,-6.391462791E-1,1.176785479E0,2.180130084E0
2.376432729E1,1.657456427E0,-7.050204259E-1,1.264349872E0,2.200635410E0
2.377427329E1,1.648648181E0,-8.473790771E-1,1.356884399E0,2.297221669E0
2.378422029E1,1.724640350E0,-8.080621067E-1,1.504549983E0,2.427142220E0
2.379416629E1,1.791797960E0,-8.837934896E-1,1.526734319E0,2.514467845E0
2.380411229E1,1.832484056E0,-9.672738951E-1,1.522920765E0,2.571556778E0
2.381405929E1,1.790190561E0,-8.324847570E-1,1.500046458E0,2.479506501E0
2.382400529E1,1.570376768E0,-6.165675482E-1,1.442381802E0,2.219617984E0
2.383395129E1,1.238203463E0,-2.623268518E-1,1.363289439E0,1.860247641E0
2.384389729E1,8.157801390E-1,2.021122250E-1,1.234788689E0,1.493669874E0
2.385384429E1,4.634292626E-1,5.130844027E-1,9.954679996E-1,1.212014366E0
2.386379029E1,1.445852709E-1,7.232254395E-1,7.089842534E-1,1.023043796E0
2.387373629E1,-1.133482754E-1,9.264308015E-1,4.915017450E-1,1.054843982E0
2.388368329E1,-4.837910217E-1,1.081588131E0,3.502622509E-1,1.235544528E0
2.389362929E1,-8.299947202E-1,1.359196388E0,2.337436152E-1,1.609640374E0
2.390357529E1,-1.162657437E0,1.578019078E0,9.066634119E-2,1.962176575E0
2.391352229E1,-1.476635376E0,1.929474746E0,7.083317041E-3,2.429686194E0
2.392346829E1,-1.709479689E0,2.346053193E0,2.302165747E-2,2.902897930E0
2.393341429E1,-1.950114248E0,2.866309791E0,3.709356666E-2,3.466994855E0
2.394336029E1,-2.125193333E0,3.306981690E0,1.902976334E-2,3.931022352E0
2.395330729E1,-2.215832192E0,3.715703233E0,-2.099969029E-2,4.326292155E0
2.396325329E1,-2.177514219E0,4.092108970E0,-1.802708280E-1,4.638903057E0
2.397319929E1,-2.262463152E0,4.382310961E0,-4.068282151E-1,4.948625877E0
2.398314629E1,-2.432354588E0,4.647959324E0,-6.266332376E-1,5.283232337E0
2.399309229E1,-2.644489818E0,4.930702021E0,-6.449285907E-1,5.632147166E0
2.400303829E1,-2.821007318E0,5.263975772E0,-6.034694928E-1,6.002640972E0
2.401298529E1,-2.846489484E0,5.601116286E0,-6.965647674E-1,6.321408744E0
2.402293129E1,-2.809475439E0,5.877594277E0,-7.657297271E-1,6.559390882E0
2.403287729E1,-2.943251547E0,6.191089236E0,-6.576749361E-1,6.886570403E0
2.404282429E1,-3.221618189E0,6.454398712E0,-4.512968749E-1,7.227845831E0
2.405277029E1,-3.475030083E0,6.658098164E0,-2.895266372E-1,7.515978373E0
2.406271629E1,-3.514896984E0,6.666491842E0,-1.454331172E-1,7.537755971E0
2.407266229E1,-3.568215989E0,6.458473637E0,1.638448298E-1,7.380439837E0
2.408260929E1,-3.492948291E0,6.041039157E0,5.667618424E-1,7.001147109E0
2.409255529E1,-3.265716135E0,5.362142336E0,9.104950923E-1,6.344010847E0
2.410250129E1,-2.950930696E0,4.380031132E0,1.179608515E0,5.411482323E0
2.411244829E1,-2.344541688E0,2.972794897E0,1.359389346E0,4.022726018E0
2.412239429E1,-9.765089875E-1,1.262175585E0,1.411527799E0,2.130508798E0
2.413234029E1,1.084888299E0,-6.641191524E-1,1.729359637E0,2.146793336E0
2.414228729E1,3.436581717E0,-2.832163805E0,2.734892449E0,5.225981480E0
2.415223329E1,6.000924334E0,-5.583305082E0,3.202746885E0,8.800112278E0
2.416217929E1,9.030636320E0,-9.359967293E0,2.713509182E0,1.328625275E1
2.417212629E1,1.149398641E1,-1.355213499E1,2.178637469E0,1.790303180E1
2.418207229E1,1.223926316E1,-1.620665863E1,2.069827802E0,2.041419932E1
2.419201829E1,1.204317094E1,-1.630663549E1,1.928956683E0,2.036332982E1
2.420196429E1,1.271978501E1,-1.418276304E1,3.072921156E0,1.929731957E1
2.421191129E1,1.445501174E1,-1.123567748E1,5.072189437E0,1.899776088E1
2.422185729E1,1.577110304E1,-9.508163220E0,6.427957603E0,1.950516593E1
2.423180329E1,1.700980761E1,-9.784390365E0,6.581826498E0,2.069754309E1
2.424175029E1,1.841602321E1,-1.157648361E1,5.606313876E0,2.246320634E1
2.425169629E1,1.801692268E1,-1.408278735E1,4.076413874E0,2.322824902E1
2.426164229E1,1.634088965E1,-1.587628393E1,2.802440069E0,2.295505905E1
2.427158929E1,1.249491747E1,-1.615416349E1,1.491358372E0,2.047691653E1
2.428153529E1,6.402702894E0,-1.481394191E1,6.643676591E-1,1.615205447E1
2.429148129E1,1.000661497E0,-1.156446641E1,5.496754012E-1,1.162068629E1
2.430142729E1,-1.261415155E0,-6.852883535E0,5.011157370E-1,6.986007295E0
2.431137429E1,-1.338415384E0,-1.460603480E0,9.644125602E-1,2.203363304E0
2.432132029E1,-9.145986682E-1,2.680565969E0,1.077645207E0,3.030386746E0
2.433126629E1,-1.139594264E0,5.764650629E0,2.884393474E-1,5.883287280E0
2.434121329E1,-1.816053380E0,8.130576169E0,-5.717309524E-1,8.350520642E0
2.435115929E1,-2.741041966E0,1.077179447E1,2.903554215E0,1.148805877E1
2.436110529E1,-5.209448732E0,1.174913201E1,5.012496967E0,1.379512903E1
2.437105229E1,-7.623095153E0,1.152044389E1,2.984044647E0,1.413282455E1
2.438099829E1,-9.752654602E0,1.174535588E1,2.146549265E0,1.541672242E1
2.439094429E1,-9.368543989E0,1.165452523E1,3.742466524E0,1.541439686E1
2.440089129E1,-9.056416694E0,1.077002861E1,1.885684948E0,1.419746482E1
2.441083729E1,-9.812483897E0,9.881605003E0,-1.680970127E0,1.402699605E1
2.442078329E1,-1.091606399E1,9.102838324E0,-5.862043022E0,1.537483876E1
2.443072929E1,-1.195937566E1,8.303131011E0,-8.198610277E0,1.670885577E1
2.444067629E1,-1.191782535E1,7.397386782E0,-8.756291978E0,1.653567481E1
2.445062229E1,-1.154614709E1,7.349772320E0,-9.458609236E0,1.663724600E1
2.446056829E1,-1.064986365E1,8.129007361E0,-7.919106937E0,1.556318127E1
2.447051529E1,-1.076207055E1,8.414608762E0,-4.476850790E0,1.437602157E1
2.448046129E1,-1.198573725E1,7.808526734E0,-1.040379001E0,1.434271159E1
2.449040729E1,-1.021582717E1,6.682807328E0,-8.084869069E-1,1.223424250E1
2.450035429E1,-8.316097212E0,5.291922539E0,-3.674998719E0,1.051986371E1
2.451030029E1,-6.748760412E0,3.824330467E0,-6.417442555E0,1.006751407E1
2.452024629E1,-4.894089680E0,1.590978262E0,-7.898651038E0,9.427195439E0
2.453019329E1,-3.600092086E0,-7.534213382E-1,-8.551354086E0,9.308811065E0
2.454013929E1,-1.252178308E0,-2.086683571E0,-8.662536553E0,8.997874103E0
2.455008529E1,8.764438319E-1,-1.424152522E0,-7.444765016E0,7.630261486E0
2.456003129E1,-2.597742498E-2,-1.431047559E-1,-5.200587276E0,5.202620668E0
2.456997829E1,-1.408671434E0,1.074218300E0,-3.751144085E0,4.148419230E0
2.457992429E1,-2.440168807E0,3.050700567E0,-2.317187828E0,4.542087316E0
2.458987029E1,-3.455656503E0,5.267895745E0,-8.734792936E-1,6.360444444E0
2.459981729E1,-4.207607267E0,6.155629966E0,1.907993245E-1,7.458695836E0
2.460976329E1,-4.754735913E0,6.170583635E0,2.563293627E-1,7.794185060E0
2.461970929E1,-5.029343380E0,6.295074949E0,-1.933150890E-1,8.059753977E0
2.462965629E1,-5.501789634E0,6.410140552E0,-3.511188680E-1,8.454754611E0
2.463960229E1,-5.960798401E0,7.115510057E0,-3.351007131E-1,9.288374101E0
2.464954829E1,-5.858820037E0,8.387972941E0,-9.638024032E-1,1.027680774E1
2.465949429E1,-6.901108446E0,8.806624226E0,-1.553024863E0,1.129574319E1
2.466944129E1,-8.038678989E0,9.727480000E0,-1.967484864E0,1.277165705E1
2.467938729E1,-9.139358279E0,1.083089579E1,-2.295513954E0,1.435637690E1
2.468933329E1,-1.081327462E1,1.119328984E1,-1.957081790E0,1.568587946E1
2.469928029E1,-1.125864534E1,1.130350284E1,-1.708252066E0,1.604507390E1
2.470922604E1,-1.032914855E1,1.146453048E1,-2.508551702E0,1.563392467E1
2.471917204E1,-8.252881794E0,1.156051136E1,-3.958622592E0,1.474537804E1
2.472911904E1,-5.003565345E0,1.100910722E1,-6.070253016E0,1.353085658E1
2.473906504E1,-1.755436465E0,1.039404563E1,-7.571844308E0,1.297885079E1
2.474901104E1,1.120113096E0,9.520737657E0,-1.331827326E0,9.678474203E0
2.475895804E1,5.541550115E0,2.673591410E0,1.295947290E1,1.434589860E1
2.476890404E1,9.324426162E0,-1.046724224E1,2.000762830E1,2.442976204E1
2.477885004E1,1.516465790E1,-2.192216107E1,9.527152053E0,2.830750115E1
2.478879604E1,2.526074579E1,-3.525124934E1,1.312883283E1,4.531139050E1
2.479874304E1,3.407141921E1,-3.101457673E1,2.205237856E1,5.107908552E1
2.480868904E1,1.457046852E1,-2.250439172E1,1.903944750E1,3.288231684E1
2.481863504E1,1.432783480E1,-1.424517622E1,1.556760356E1,2.550612037E1
2.482858204E1,1.174916007E1,-2.813118547E0,8.812157446E-1,1.211333726E1
2.483852804E1,2.765756392E-1,6.765774055E0,-2.130985000E1,2.235982781E1
2.484847404E1,-1.192047297E0,2.831363614E0,-1.530940222E1,1.561458910E1
2.485842104E1,-6.279137778E-1,-7.212297848E0,-9.326997768E0,1.180696419E1
2.486836704E1,-1.803656114E0,-1.125299225E1,-4.329452131E0,1.219127416E1
2.487831304E1,2.548268037E0,-9.673845245E0,-3.792146223E0,1.069847301E1
2.488825904E1,5.543951567E0,-5.418810042E0,-2.435251299E0,8.125844580E0
2.489820604E1,4.390042734E0,-2.478004385E0,1.355461187E0,5.220177772E0
2.490815204E1,1.523335333E0,-1.026197457E0,6.088220340E0,6.359249851E0
2.491809804E1,1.127899248E0,2.299017021E-1,9.092222704E0,9.164798154E0
2.492804504E1,1.365069916E0,1.250288488E0,1.029043764E1,1.045560826E1
2.493799104E1,2.942232962E0,2.103666224E0,8.539189539E0,9.273613339E0
2.494793704E1,4.066559561E0,4.747889408E-1,3.349734192E0,5.289900789E0
2.495788404E1,2.335738705E0,-1.550040151E0,-2.419946796E0,3.703301536E0
2.496783004E1,1.547432878E0,-8.592816693E-1,-5.425333196E0,5.706763863E0
2.497777604E1,1.261587063E0,-7.677420464E-1,-4.191396446E0,4.443966014E0
2.498772304E1,-9.807464647E-1,-1.308739887E0,-1.570099025E0,2.267129169E0
2.499766904E1,-3.028113357E0,-4.176297766E-1,4.870701402E-1,3.095338828E0
2.500761504E1,-2.676774634E0,1.486895193E0,1.003868694E0,3.222379883E0
2.501756204E1,-1.802555083E0,2.268293411E0,9.367163461E-1,3.044962617E0
2.502750804E1,-3.010275257E-1,1.810037473E0,1.397929514E0,2.306742324E0
2.503745404E1,1.039047883E0,7.839417574E-1,1.591047844E0,2.055630907E0
2.504740004E1,1.983874902E0,-2.032460001E-1,1.153051631E0,2.303605137E0
2.505734704E1,2.861466542E0,-1.598186710E0,8.111222470E-1,3.376405016E0
2.506729304E1,3.456091536E0,-2.779895252E0,1.473896540E0,4.673837538E0
2.507723904E1,3.465393287E0,-2.120759974E0,3.032042102E0,5.069502225E0
2.508718604E1,3.177555326E0,8.448349535E-3,3.786767369E0,4.943332512E0
2.509713204E1,2.875893962E0,1.821658521E0,2.959092239E0,4.510591173E0
2.510707804E1,1.650067300E0,1.757484160E0,1.303920904E0,2.740744861E0
2.511702504E1,-3.979866403E-1,6.458761320E-1,-7.024979371E-1,1.033950045E0
2.512697104E1,-2.176841204E0,3.976314220E-1,-1.848793110E0,2.883536776E0
2.513691704E1,-3.052648274E0,6.928497389E-1,-2.016555575E0,3.723600225E0
2.514686404E1,-2.764079996E0,1.040469633E0,-1.103291241E0,3.152771296E0
2.515681004E1,-1.906201658E0,1.294539924E0,4.277659249E-1,2.343591701E0
2.516675604E1,-1.128050691E0,1.139260973E0,1.663051043E0,2.310011406E0
2.517670204E1,-2.579779851E-1,8.813367820E-1,2.033737618E0,2.231455996E0
2.518664904E1,4.388423055E-1,6.144119722E-1,1.744978720E0,1.901324637E0
2.519659504E1,6.211269146E-1,3.938017881E-1,1.029288880E0,1.265035213E0
2.520654104E1,2.224064487E-1,3.920520088E-1,2.526266134E-1,5.167103752E-1
2.521648804E1,-6.321541786E-1,4.198429477E-1,-2.825479853E-1,8.097656268E-1
2.522643404E1,-1.376037539E0,4.240242916E-1,-4.820713556E-1,1.518442854E0
2.523638004E1,-1.891408203E0,5.306435913E-1,-3.062005574E-1,1.988156531E0
2.524632704E1,-2.058207046E0,8.932118922E-1,1.470598125E-1,2.248481780E0
2.525627304E1,-1.847108527E0,1.238144991E0,5.402032042E-1,2.288368946E0
2.526621904E1,-1.304795063E0,1.470009896E0,6.348544228E-1,2.065540943E0
2.527616604E1,-6.730279702E-1,1.351440934E0,4.932880694E-1,1.588298576E0
2.528611204E1,-8.227792561E-2,1.020402281E0,4.006208110E-1,1.099312288E0
2.529605804E1,3.172348380E-1,7.926804212E-1,3.267313010E-1,9.141846288E-1
2.530600404E1,5.561052918E-1,5.760442972E-1,2.761897230E-1,8.469715999E-1
2.531595104E1,5.269955134E-1,3.538884017E-1,2.666926754E-1,6.885392183E-1
2.532589704E1,3.287474209E-1,1.935790908E-1,3.086318296E-1,4.907151286E-1
2.533584304E1,8.397654176E-2,-1.861227214E-2,4.592467493E-1,4.672323330E-1
2.534579004E1,-6.837558568E-2,-2.038187349E-1,5.965943366E-1,6.341467495E-1
2.535573604E1,-8.200486064E-2,-4.168465421E-1,5.443722689E-1,6.905266135E-1
2.536568204E1,-1.013193834E-1,-6.922623861E-1,2.983465773E-1,7.605941814E-1
2.537562904E1,-5.271147966E-2,-8.080884191E-1,2.163703680E-2,8.100947812E-1
2.538557504E1,-2.219310701E-2,-8.418511194E-1,-1.359816778E-1,8.530514978E-1
2.539552104E1,4.631170213E-2,-8.064766341E-1,-2.007074314E-1,8.323657899E-1
2.540546804E1,2.336219931E-1,-6.852170759E-1,-1.486584413E-1,7.390541313E-1
2.541541404E1,4.077175766E-1,-5.907672939E-1,-7.368485749E-2,7.215740267E-1
2.542536004E1,5.375415516E-1,-5.100839040E-1,-3.006170511E-2,7.416469611E-1
2.543530704E1,6.187424201E-1,-3.844734326E-1,5.584324837E-2,7.306028135E-1
2.544525304E1,5.555240786E-1,-3.698071539E-1,1.913665044E-1,6.942517353E-1
2.545519904E1,3.801608187E-1,-4.623361257E-1,3.270797950E-1,6.820983312E-1
2.546514504E1,2.937050575E-1,-4.634128904E-1,3.606205934E-1,6.565526485E-1
2.547509204E1,3.354933536E-1,-3.941947210E-1,2.983986175E-1,5.974838938E-1
2.548503804E1,4.161901921E-1,-2.091277143E-1,2.283653462E-1,5.187479236E-1
2.549498404E1,3.500225151E-1,4.340125054E-2,1.534929192E-1,3.846550479E-1
2.550493104E1,2.217644244E-1,2.356442526E-1,1.547091401E-1,3.586678014E-1
2.551487704E1,1.342754602E-1,3.805046350E-1,1.904321194E-1,4.461816542E-1
2.552482304E1,1.696692413E-1,4.152987841E-1,2.364958996E-1,5.071400615E-1
2.553477004E1,2.135870934E-1,2.998434645E-1,2.661389440E-1,4.542636758E-1
2.554471604E1,2.291038495E-1,2.237171021E-1,2.885928369E-1,4.310727794E-1
2.555466204E1,1.569492084E-1,1.229201674E-1,3.036406463E-1,3.632355485E-1
2.556460904E1,-3.248771489E-2,-2.169112355E-2,3.774705148E-1,3.794864240E-1
2.557455504E1,-1.648271620E-1,-6.726286054E-2,4.536457014E-1,4.873260799E-1
2.558450104E1,-1.079115343E-1,1.539367229E-2,4.617429256E-1,4.744348151E-1
2.559444704E1,3.606094837E-2,1.608545637E-1,4.264900625E-1,4.572399327E-1
2.560439404E1,7.322117329E-2,2.221380615E-1,4.071720314E-1,4.695697198E-1
2.561434004E1,7.968936324E-2,2.692400149E-1,4.805200893E-1,5.565430230E-1
2.562428604E1,7.593778968E-2,2.176646492E-1,5.907640779E-1,6.341503317E-1
2.563423304E1,1.228710508E-1,6.547829032E-2,6.029181004E-1,6.187850494E-1
2.564417904E1,2.183227533E-1,-5.723605514E-2,6.170157373E-1,6.570001603E-1
2.565412504E1,3.541991812E-1,-1.150407520E-1,7.590194625E-1,8.454596259E-1
2.566407204E1,4.325536251E-1,-1.821685418E-1,9.685643756E-1,1.076292231E0
2.567401804E1,4.947732621E-1,-2.048303032E-1,1.083316568E0,1.208441484E0
2.568396404E1,6.405496109E-1,-2.096507478E-1,1.141002858E0,1.325196122E0
2.569391104E1,7.376215768E-1,-2.242956841E-1,1.061659650E0,1.312065302E0
2.570385704E1,6.882435948E-1,-3.655082810E-1,9.715639973E-1,1.245476676E0
2.571380267E1,5.379186970E-1,-3.547189987E-1,9.887203127E-1,1.180148274E0
2.572374967E1,3.299420071E-1,-2.555338490E-1,1.106617137E0,1.182692168E0
2.573369567E1,2.376670969E-1,-2.232905477E-1,1.221802608E0,1.264573418E0
2.574364167E1,1.807426983E-1,-1.775053874E-1,1.341556508E0,1.365265523E0
2.575358767E1,2.564179480E-1,-1.192899236E-1,1.499652355E0,1.526085658E0
2.576353467E1,4.658751529E-1,-4.431955576E-2,1.572035623E0,1.640213364E0
2.577348067E1,6.539566916E-1,-7.264668435E-2,1.471388084E0,1.611806375E0
2.578342667E1,8.111608386E-1,-9.718803316E-2,1.336212738E0,1.566171095E0
2.579337367E1,8.279768461E-1,-1.487873724E-1,1.148054016E0,1.423274872E0
2.580331967E1,7.722452796E-1,-2.284495461E-1,1.037601866E0,1.313457117E0
2.581326567E1,7.755144578E-1,-1.915211633E-1,9.693069720E-1,1.256048978E0
2.582321267E1,8.363646770E-1,-1.460017589E-1,8.798387253E-1,1.222676805E0
2.583315867E1,9.149956942E-1,5.302108973E-2,8.620474023E-1,1.258234509E0
2.584310467E1,9.037316179E-1,1.815408432E-1,7.489137197E-1,1.187669851E0
2.585305167E1,9.507309526E-1,3.042774081E-1,6.178928196E-1,1.173995580E0
2.586299767E1,9.682690912E-1,5.037908381E-1,4.722772694E-1,1.189283844E0
2.587294367E1,8.858625269E-1,7.169496229E-1,4.502291733E-1,1.225347088E0
2.588288967E1,6.296965939E-1,7.818779826E-1,3.267120051E-1,1.055742258E0
2.589283667E1,3.127500236E-1,8.684846020E-1,1.705334598E-1,9.387010930E-1
2.590278267E1,5.996319652E-3,1.012799731E0,6.539993763E-2,1.014926797E0
2.591272867E1,-1.731886804E-1,9.545328122E-1,1.798603535E-3,9.701187781E-1
2.592267567E1,-2.302879107E-1,9.137671942E-1,-7.703238845E-2,9.454824143E-1
2.593262167E1,-3.876972950E-1,8.463973296E-1,-1.658200192E-1,9.456182691E-1
2.594256767E1,-3.723828524E-1,8.080337477E-1,-1.880897248E-1,9.093763086E-1
2.595251467E1,-3.493483311E-1,7.916153508E-1,-1.877704668E-1,8.854133884E-1
2.596246067E1,-3.629852074E-1,7.728668386E-1,-2.886431229E-1,9.013302743E-1
2.597240667E1,-3.586570984E-1,1.053258955E0,-3.673817289E-1,1.171733193E0
2.598235367E1,-6.659306198E-1,1.237125821E0,-6.047874552E-1,1.529611635E0
2.599229967E1,-8.279195434E-1,1.602669185E0,-7.814242387E-1,1.965864474E0
2.600224567E1,-1.066586514E0,2.058231604E0,-8.624742490E-1,2.473415848E0
2.601219267E1,-1.342662216E0,2.620367714E0,-8.278967392E-1,3.058509734E0
2.602213867E1,-1.617017668E0,3.156952661E0,-7.255500001E-1,3.620430782E0
2.603208467E1,-1.932581372E0,3.730491427E0,-5.956845099E-1,4.243380383E0
2.604203067E1,-2.222370549E0,4.484589872E0,-5.092556459E-1,5.030886452E0
2.605197767E1,-2.699426748E0,4.994039646E0,-5.959593290E-1,5.708108642E0
2.606192367E1,-3.108040118E0,5.444129071E0,-6.980096143E-1,6.307588456E0
2.607186967E1,-3.361005285E0,6.059878301E0,-8.291036046E-1,6.978960835E0
2.608181667E1,-3.704138026E0,6.479376848E0,-1.167492499E0,7.554204232E0
2.609176267E1,-3.626542550E0,7.028540910E0,-1.418215844E0,8.035143706E0
2.610170867E1,-3.368290915E0,7.526235441E0,-1.348354481E0,8.355098049E0
2.611165567E1,-3.132406050E0,7.884901310E0,-9.222959429E-1,8.534299394E0
2.612160167E1,-2.948306465E0,7.727944500E0,-5.249612671E-1,8.287896087E0
2.613154767E1,-2.724618891E0,7.043872894E0,-2.548315984E-1,7.556760721E0
2.614149467E1,-2.497311891E0,6.266611873E0,1.160555363E-2,6.745896956E0
2.615144067E1,-2.332087703E0,5.239074819E0,1.254081577E-1,5.736049618E0
2.616138667E1,-1.877343310E0,4.022603410E0,7.617466038E-1,4.503999777E0
2.617133267E1,-8.954589772E-1,1.922632919E0,1.771226871E0,2.763260529E0
2.618127967E1,1.037536962E0,-9.378246859E-1,1.366627614E0,1.955420447E0
2.619122567E1,3.660680934E0,-4.516104026E0,1.138095623E0,5.923769249E0
2.620117167E1,7.357597649E0,-8.925453681E0,2.469289695E0,1.182773682E1
2.621111867E1,1.220278823E1,-1.386154625E1,4.136244339E0,1.892508976E1
2.622106467E1,1.706055560E1,-1.888271756E1,4.467877945E0,2.583759883E1
2.623101067E1,1.926029800E1,-1.998875582E1,3.913617450E0,2.803258533E1
2.624095767E1,1.516813816E1,-1.709683640E1,1.545224969E0,2.290768322E1
2.625090367E1,1.096611148E1,-1.353278304E1,8.121104264E-1,1.743706802E1
2.626084967E1,9.947236490E0,-1.141181432E1,3.625329838E0,1.556663215E1
2.627079667E1,1.044951465E1,-1.331073503E1,4.704385539E0,1.756414720E1
2.628074267E1,1.135225692E1,-1.756373306E1,4.373289584E0,2.136548895E1
2.629068867E1,1.375526843E1,-2.110029047E1,2.507248065E0,2.531236773E1
2.630063467E1,1.519422844E1,-2.212979336E1,1.350322654E0,2.687779201E1
2.631058167E1,1.368216654E1,-2.022811043E1,2.199230778E0,2.451968084E1
2.632052767E1,1.139236999E1,-1.550515062E1,3.209867332E0,1.950638455E1
2.633047367E1,9.293066375E0,-8.922062296E0,2.791809247E0,1.318174788E1
2.634042067E1,6.865152748E0,-2.823044488E0,1.344162320E0,7.543651289E0
2.635036667E1,5.243669561E0,2.118052713E0,1.298374236E-1,5.656772536E0
2.636031267E1,3.583657901E0,5.104668966E0,-1.884549419E0,6.515502722E0
2.637025967E1,1.380279109E0,6.920135871E0,-3.662339789E0,7.950231671E0
2.638020567E1,-1.192890465E0,8.889526634E0,-1.342536209E0,9.069127572E0
2.639015167E1,-2.035819227E0,9.937981517E0,6.613162896E0,1.210958133E1
2.640009867E1,-3.779754803E0,9.957905320E0,9.411895831E0,1.421373307E1
2.641004467E1,-5.955386218E0,1.122554191E1,8.442774800E0,1.525646953E1
2.641999067E1,-6.474698491E0,1.246136380E1,8.321937996E0,1.632366259E1
2.642993767E1,-6.882127799E0,1.248782830E1,7.238910280E0,1.599097748E1
2.643988367E1,-7.887140209E0,1.256846491E1,4.040066704E0,1.537840791E1
2.644982967E1,-9.235003524E0,1.339618390E1,8.965909982E-1,1.629561010E1
2.645977567E1,-1.035768530E1,1.401352708E1,-3.676931224E0,1.780955949E1
2.646972267E1,-1.274763413E1,1.409127517E1,-1.430523648E1,2.378457489E1
2.647966867E1,-1.592022809E1,1.269423735E1,-2.043700104E1,2.884906126E1
2.648961467E1,-1.450131584E1,9.755819115E0,-1.424409683E1,2.254680603E1
2.649956167E1,-1.117510032E1,7.512076993E0,-9.253831558E0,1.633853012E1
2.650950767E1,-8.862949870E0,6.488990255E0,-3.071329251E0,1.140578530E1
2.651945367E1,-8.905283711E0,4.248082278E0,9.662319213E-1,9.913822933E0
2.652940067E1,-8.443096982E0,1.964567395E0,4.598241618E-1,8.680832331E0
2.653934667E1,-8.023469796E0,-1.530139738E0,-3.689799191E0,8.962812798E0
2.654929267E1,-7.382648290E0,-4.882148497E0,-7.062503293E0,1.132333089E1
2.655923967E1,-6.198176061E0,-5.505919522E0,-7.598006505E0,1.124554308E1
2.656918567E1,-2.578750157E0,-5.021780591E0,-6.830645404E0,8.861486857E0
2.657913167E1,2.355878270E-1,-3.569498869E0,-6.088905049E0,7.061981910E0
2.658907767E1,5.495388687E-2,-1.959037684E0,-4.514650993E0,4.921678795E0
2.659902467E1,-1.954772725E0,-1.292065090E-1,-2.610183619E0,3.263570016E0
2.660897067E1,-4.336900315E0,2.740954843E0,-1.120548713E0,5.251396691E0
2.661891667E1,-5.862402626E0,4.877392956E0,-2.176321971E-1,7.629160528E0
2.662886367E1,-6.290987161E0,5.601347251E0,3.489910662E-2,8.423350190E0
2.663880967E1,-6.950014558E0,5.961551523E0,2.758008832E-1,9.160724046E0
2.664875567E1,-7.615873842E0,7.017820625E0,-7.308879232E-1,1.038198140E1
2.665870267E1,-8.119503881E0,8.717002782E0,-1.910930886E0,1.206499638E1
2.666864867E1,-8.525802339E0,1.039664647E1,-2.829882222E0,1.374000716E1
2.667859467E1,-9.190887451E0,1.195523350E1,-3.924939121E0,1.558220675E1
2.668854167E1,-9.816566423E0,1.335676431E1,-3.772910637E0,1.700008776E1
2.669848767E1,-1.126391368E1,1.383053847E1,-2.050438727E0,1.795449372E1
2.670843404E1,-1.218473437E1,1.400457733E1,-2.220895004E0,1.869567631E1
2.671838104E1,-1.219781342E1,1.429370460E1,-3.257587043E0,1.907114357E1
2.672832704E1,-1.058312938E1,1.408397316E1,-3.276178558E0,1.791910359E1
2.673827304E1,-7.678615635E0,1.330320381E1,-3.134753707E0,1.567683165E1
2.674821904E1,-3.574539753E0,1.206298365E1,-3.148512498E0,1.296942712E1
2.675816604E1,-1.154816321E0,1.081340443E1,-3.420397501E0,1.140010680E1
2.676811204E1,2.281992853E-1,9.243697164E0,-4.763675137E0,1.040147167E1
2.677805804E1,2.357428367E0,6.906055775E0,3.007912982E-1,7.303529988E0
2.678800504E1,5.851485289E0,2.924473214E-1,1.654810795E1,1.755463706E1
2.679795104E1,1.681529530E1,-1.061598839E1,1.291576964E1,2.371224307E1
2.680789704E1,2.881254338E1,-2.082376863E1,5.696596055E0,3.600337765E1
2.681784404E1,3.453383106E1,-3.084283933E1,7.653318826E0,4.693015571E1
2.682779004E1,2.655943110E1,-2.600308022E1,1.504118108E1,4.009739006E1
2.683773604E1,9.138547854E0,-2.470892768E1,1.532464942E1,3.047768107E1
2.684768304E1,1.395252659E1,-2.348375123E1,1.307622309E1,3.028443792E1
2.685762904E1,1.458908255E1,-1.666277536E1,8.862840527E0,2.385454578E1
2.686757504E1,5.362993106E0,-4.643610165E0,-6.591766765E0,9.683811207E0
2.687752204E1,-6.280024216E0,4.189815067E0,-1.386630238E1,1.578821067E1
2.688746804E1,-1.322720170E1,3.253019491E0,-7.582345907E0,1.558951475E1
2.689741404E1,-1.134619687E1,-4.884132749E0,-5.341027456E0,1.345799058E1
2.690736004E1,-4.467073953E0,-8.483253320E0,-5.930805693E0,1.127363263E1
2.691730704E1,-1.342953408E-1,-3.127285058E0,-7.449704159E0,8.080596459E0
2.692725304E1,4.741718257E0,6.859877390E-1,-6.793854139E0,8.313298098E0
2.693719904E1,5.314435489E0,4.689402634E-1,-3.164258757E0,6.202875383E0
2.694714604E1,5.586522805E0,-1.466189910E0,1.787918918E0,6.046123052E0
2.695709204E1,6.199343165E0,-3.590358518E0,6.493309593E0,9.668795139E0
2.696703804E1,4.972133052E0,-5.716123416E0,8.294509292E0,1.123365739E1
2.697698504E1,3.183582051E0,-6.180470107E0,6.667772967E0,9.632891661E0
2.698693104E1,1.673112347E0,-3.713450886E0,7.720526138E0,8.729006029E0
2.699687704E1,1.495618946E0,1.766302638E0,9.761618968E0,1.003224331E1
2.700682404E1,4.320173185E0,6.197159230E0,8.040734285E0,1.103277330E1
2.701677004E1,7.389592443E0,5.947776652E0,4.842281011E0,1.065034314E1
2.702671604E1,5.823685872E0,3.582858295E0,4.164375293E-1,6.850227070E0
2.703666304E1,-1.181262692E0,1.314021677E0,-8.258203930E-1,1.950388125E0
2.704660904E1,-6.706699051E0,-2.269175756E-1,-1.400947262E0,6.855213853E0
2.705655504E1,-7.244970335E0,6.234079134E-1,-1.343412999E0,7.394794863E0
2.706650204E1,-6.185463045E0,1.879176997E0,-1.514483233E0,6.639647485E0
2.707644804E1,-3.562054194E0,1.067763851E0,-1.152886739E0,3.893263098E0
2.708639404E1,9.798506713E-1,-4.848104838E-1,-1.000053971E0,1.481639797E0
2.709634004E1,3.382937021E0,-1.443609717E0,-2.040397596E-1,3.683735078E0
2.710628704E1,4.347353967E0,-1.727924731E0,1.261805164E0,4.845344432E0
2.711623304E1,5.442746204E0,-9.507584345E-1,2.672295667E0,6.137474397E0
2.712617904E1,6.606333933E0,5.172438195E-1,2.955263482E0,7.255671675E0
2.713612604E1,6.280028309E0,1.358240661E0,1.033646225E0,6.507841253E0
2.714607204E1,2.120897384E0,5.103160384E-1,-4.009687203E-1,2.217972968E0
2.715601804E1,-1.905457892E0,6.026111215E-1,-4.821380138E-2,1.999058407E0
2.716596504E1,-4.402401409E0,1.523178043E0,6.897972000E-1,4.709249377E0
2.717591104E1,-5.382228692E0,2.561815451E0,7.830135119E-1,6.012020813E0
2.718585704E1,-5.035664220E0,3.027192421E0,3.825657785E-1,5.887967787E0
2.719580404E1,-3.825699885E0,3.239676145E0,-3.122430700E-1,5.022845495E0
2.720575004E1,-2.278872778E0,2.755185504E0,-7.861312473E-1,3.660916639E0
2.721569604E1,-1.014721711E0,2.383180381E0,-5.976684701E-1,2.658273214E0
2.722564304E1,-1.555172253E-1,2.169999377E0,-3.206613064E-3,2.175567325E0
2.723558904E1,-2.866913223E-1,1.786420569E0,5.064834809E-1,1.878833648E0
2.724553504E1,-1.101851656E0,1.402264640E0,8.176921785E-1,1.961897982E0
2.725548204E1,-2.017768872E0,1.250815907E0,1.032377379E0,2.588770887E0
2.726542804E1,-2.484172028E0,1.268020170E0,1.107729278E0,3.001008159E0
2.727537404E1,-2.448163705E0,1.390002151E0,8.841112858E-1,2.950807393E0
2.728532004E1,-1.956111152E0,1.570283797E0,4.377050221E-1,2.546320429E0
2.729526704E1,-1.200005357E0,1.563248427E0,8.208204389E-2,1.972434020E0
2.730521304E1,-3.011240047E-1,1.658522666E0,-5.062168479E-2,1.686397241E0
2.731515904E1,5.073219717E-1,1.353393611E0,1.520685375E-2,1.445434571E0
2.732510604E1,1.038927430E0,8.004446465E-1,2.229391301E-1,1.330332174E0
2.733505204E1,1.117116982E0,3.817647099E-1,4.446988767E-1,1.261527541E0
2.734499804E1,1.030133218E0,-2.423173875E-2,6.108369845E-1,1.197866205E0
2.735494504E1,7.581616759E-1,-4.413118771E-1,3.194550258E-1,9.336042059E-1
2.736489104E1,6.199563020E-1,-6.436486351E-1,2.530265629E-1,9.287905165E-1
2.737483704E1,5.648153043E-1,-6.243917075E-1,2.404901326E-1,8.756236841E-1
2.738478404E1,3.878779739E-1,-7.990427765E-1,3.797766566E-1,9.659963718E-1
2.739473004E1,3.956459999E-1,-8.313588756E-1,5.153887904E-1,1.055139300E0
2.740467604E1,5.980754364E-1,-6.430194747E-1,7.200974715E-1,1.135653398E0
2.741462304E1,9.060032612E-1,-7.840686420E-1,7.084568346E-1,1.391947065E0
2.742456904E1,1.070401238E0,-9.028489807E-1,6.222986966E-1,1.532367697E0
2.743451504E1,1.241878438E0,-9.383284235E-1,5.532594520E-1,1.651913529E0
2.744446204E1,1.318855278E0,-1.008317841E0,5.266587138E-1,1.741681232E0
2.745440804E1,1.259777935E0,-1.090920871E0,5.214681405E-1,1.746160879E0
2.746435404E1,1.212628326E0,-1.019390128E0,5.586307043E-1,1.679789259E0
2.747430004E1,9.556812054E-1,-1.121702076E0,8.023508388E-1,1.677888251E0
2.748424704E1,9.004858285E-1,-1.001264052E0,9.852651930E-1,1.668577817E0
2.749419304E1,7.802091873E-1,-1.156830102E0,9.736467755E-1,1.701461226E0
2.750413904E1,7.958037114E-1,-1.122876490E0,9.089754009E-1,1.649360918E0
2.751408604E1,8.721508062E-1,-1.200390104E0,7.240525281E-1,1.651010446E0
2.752403204E1,1.065211834E0,-1.117745266E0,4.632140851E-1,1.612016755E0
2.753397804E1,1.220249587E0,-9.223099762E-1,3.649294066E-1,1.572526063E0
2.754392504E1,1.225648322E0,-6.829129806E-1,4.351977360E-1,1.469006813E0
2.755387104E1,1.017458208E0,-4.628784549E-1,6.937908483E-1,1.315607620E0
2.756381704E1,8.441870821E-1,-2.230829716E-1,9.160528708E-1,1.265531787E0
2.757376404E1,7.235373884E-1,-1.344347969E-1,1.054859338E0,1.286198776E0
2.758371004E1,7.227971309E-1,-1.634556976E-1,1.179559983E0,1.393023765E0
2.759365604E1,7.663109404E-1,-2.252885413E-1,1.298164905E0,1.524211109E0
2.760360304E1,7.403738612E-1,-3.263629264E-1,1.448585697E0,1.659236793E0
2.761354904E1,7.860821307E-1,-4.154189444E-1,1.530663648E0,1.770149491E0
2.762349504E1,9.138239121E-1,-5.054897466E-1,1.544087686E0,1.864081760E0
2.763344204E1,9.454637808E-1,-5.470868388E-1,1.552551531E0,1.898320844E0
2.764338804E1,9.017225146E-1,-4.665434897E-1,1.575787781E0,1.874532862E0
2.765333404E1,6.686133224E-1,-2.312342826E-1,1.734080095E0,1.872844586E0
2.766328104E1,6.120035040E-1,-1.443654156E-1,1.851258881E0,1.955134038E0
2.767322704E1,5.603152871E-1,-1.743294722E-1,2.010437633E0,2.094326493E0
2.768317304E1,5.648708528E-1,-1.584718233E-1,2.087518553E0,2.168392517E0
2.769311904E1,5.512959570E-1,-2.223900765E-1,2.028865718E0,2.114161933E0
2.770306604E1,7.730919564E-1,-5.220683572E-1,1.879976896E0,2.098699519E0
2.771301229E1,8.872489017E-1,-9.898698753E-1,1.724390089E0,2.177285962E0
2.772295829E1,9.590901321E-1,-1.206858586E0,1.574330070E0,2.203378474E0
2.773290529E1,9.429389530E-1,-1.178710090E0,1.364459467E0,2.034758212E0
2.774285129E1,9.114207065E-1,-1.042434882E0,1.124554641E0,1.783810900E0
2.775279729E1,8.415599281E-1,-7.865896690E-1,9.538381630E-1,1.495578036E0
2.776274429E1,8.394256943E-1,-4.670147753E-1,8.892995203E-1,1.309042373E0
2.777269029E1,7.811435723E-1,-1.739160740E-1,8.655200636E-1,1.178794750E0
2.778263629E1,7.059396082E-1,7.585797518E-2,8.498284757E-1,1.107390446E0
2.779258329E1,5.382344466E-1,3.781388515E-1,8.572532701E-1,1.080540827E0
2.780252929E1,3.055310512E-1,6.616317469E-1,7.427285349E-1,1.040553443E0
2.781247529E1,5.233842731E-3,9.491361246E-1,5.413515973E-1,1.092679426E0
2.782242229E1,-1.883937800E-1,1.202020893E0,3.645101613E-1,1.270123655E0
2.783236829E1,-3.988876963E-1,1.430982070E0,1.623210454E-1,1.494379202E0
2.784231429E1,-5.838567621E-1,1.591508605E0,-5.242262721E-2,1.696035521E0
2.785226129E1,-7.795139533E-1,1.787594982E0,-1.032016021E-1,1.952892315E0
2.786220729E1,-1.062081819E0,1.901992832E0,-1.633752984E-1,2.184556251E0
2.787215329E1,-1.271180590E0,2.052761534E0,-2.786666036E-1,2.430511280E0
2.788209929E1,-1.435773863E0,2.208378162E0,-2.933355135E-1,2.650363450E0
2.789204629E1,-1.571442715E0,2.296937166E0,-2.464197940E-1,2.793935444E0
2.790199229E1,-1.643127240E0,2.478143549E0,-1.221734780E-1,2.975901365E0
2.791193829E1,-1.676970924E0,2.546681687E0,-7.235286176E-2,3.050090824E0
2.792188529E1,-1.692522179E0,2.738173907E0,-1.862513602E-2,3.219095302E0
2.793183129E1,-1.820645199E0,2.962214068E0,-1.359062487E-1,3.479645331E0
2.794177729E1,-1.930645359E0,3.279220279E0,-3.085534769E-1,3.817837397E0
2.795172429E1,-2.340185512E0,3.522034680E0,-5.914832854E-1,4.269783250E0
2.796167029E1,-2.342914408E0,4.030101587E0,-8.812496585E-1,4.744214127E0
2.797161629E1,-2.611579349E0,4.336191047E0,-1.157728819E0,5.192613553E0
2.798156329E1,-2.759276508E0,4.754544125E0,-1.221718993E0,5.631331457E0
2.799150929E1,-2.826854534E0,5.419209992E0,-1.231732934E0,6.235070931E0
2.800145529E1,-3.308514245E0,5.488522886E0,-1.182785307E0,6.516834436E0
2.801140229E1,-3.430194218E0,5.865020424E0,-8.153544617E-1,6.843208301E0
2.802134829E1,-3.450301039E0,6.366409811E0,-3.565953702E-1,7.250028372E0
2.803129429E1,-3.548903806E0,6.463124512E0,-1.931586760E-1,7.375907195E0
2.804124129E1,-3.402075543E0,6.561688102E0,-1.285270625E-1,7.392319525E0
2.805118729E1,-3.235315291E0,6.531032905E0,-8.454956889E-2,7.288950848E0
2.806113329E1,-2.939095931E0,6.382911823E0,-6.370424509E-2,7.027368388E0
2.807108029E1,-2.389297446E0,6.179279614E0,1.341550076E-1,6.626479940E0
2.808102629E1,-1.563073595E0,5.964674520E0,5.760057056E-1,6.192925300E0
2.809097229E1,-8.196679527E-1,5.454663999E0,1.239646556E0,5.653489054E0
2.810091829E1,-1.166858661E-1,4.759533261E0,1.927536394E0,5.136357562E0
2.811086529E1,5.237199032E-1,3.914643344E0,2.327252641E0,4.584192394E0
2.812081129E1,1.225343097E0,2.687600169E0,2.377032326E0,3.791430212E0
2.813075729E1,1.680327811E0,8.516098300E-1,1.514022473E0,2.416817101E0
2.814070429E1,1.802683722E0,-1.280459536E0,-7.853529829E-1,2.346491963E0
2.815065029E1,1.792866247E0,-3.010151003E0,-2.027653590E0,4.048056018E0
2.816059629E1,2.024790793E0,-4.563712348E0,-2.081367282E0,5.409190135E0
2.817054329E1,2.995783517E0,-6.139154851E0,-1.319055837E0,6.957287508E0
2.818048929E1,5.243609920E0,-8.369347220E0,-5.872814763E-1,9.893751433E0
2.819043529E1,8.450955639E0,-1.211513730E1,-5.113740921E-1,1.478028100E1
2.820038229E1,1.246199998E1,-1.712721970E1,3.772769719E-1,2.118455655E1
2.821032829E1,1.670172951E1,-2.066251645E1,5.166248918E-1,2.657356310E1
2.822027429E1,1.732408376E1,-1.944580092E1,5.474145752E-1,2.604923635E1
2.823022129E1,1.507181698E1,-1.610867216E1,2.762017683E0,2.223235767E1
2.824016729E1,1.424796184E1,-1.382883693E1,5.699321442E0,2.065728472E1
2.825011329E1,1.602051953E1,-1.240262268E1,6.610452127E0,2.131150329E1
2.826005929E1,1.802850250E1,-1.186154239E1,6.745781840E0,2.261036627E1
2.827000629E1,1.859387213E1,-1.192966479E1,7.602710590E0,2.336343705E1
2.827995229E1,1.744822248E1,-1.128100509E1,8.485790427E0,2.244348865E1
2.828989829E1,1.261859076E1,-1.096089108E1,6.833477796E0,1.805730835E1
2.829984529E1,6.391291468E0,-9.743463948E0,5.099428691E0,1.271958605E1
2.830979129E1,1.382923805E0,-6.029320167E0,2.971671062E0,6.862653192E0
2.831973729E1,-3.526432371E-1,-1.235351776E0,5.462413314E-1,1.396005321E0
2.832968429E1,-7.052625006E-1,1.914252105E0,-1.374235134E0,2.459731392E0
2.833963029E1,-1.775452654E0,2.931888653E0,-2.205463032E0,4.075815303E0
2.834957629E1,-3.542305223E0,2.789580873E0,-2.003663049E0,4.933999731E0
2.835952329E1,-5.317605849E0,3.448709427E0,-1.457273198E0,6.503397100E0
2.836946929E1,-7.023932135E0,5.239843728E0,-4.581218912E-1,8.775047612E0
2.837941529E1,-8.018824768E0,6.199904498E0,1.690368942E0,1.027607481E1
2.838936229E1,-8.578941835E0,6.750599361E0,1.502160226E0,1.101931577E1
2.839930829E1,-8.679979382E0,8.507192990E0,7.576094064E-1,1.217737027E1
2.840925429E1,-8.241516561E0,1.048934589E1,1.045320191E0,1.338064523E1
2.841920129E1,-7.695892403E0,1.173666457E1,2.477819321E0,1.425186457E1
2.842914729E1,-8.042108381E0,1.276080907E1,1.990683107E0,1.521435423E1
2.843909329E1,-8.814667656E0,1.296548618E1,4.528648058E-1,1.568461935E1
2.844904029E1,-8.887374274E0,1.200811104E1,-6.675307104E-1,1.495412148E1
2.845898629E1,-8.602331282E0,1.056866804E1,-2.040055827E0,1.377892142E1
2.846893229E1,-8.734988233E0,9.603650005E0,-9.011501892E0,1.580307816E1
2.847887829E1,-9.370577066E0,8.472823641E0,-1.701263415E1,2.119023775E1
2.848882529E1,-9.927655334E0,7.078008354E0,-1.285650460E1,1.771852853E1
2.849877129E1,-9.651726397E0,5.671189903E0,-7.311656075E0,1.337080895E1
2.850871729E1,-8.321026415E0,4.857658603E0,-2.700620749E0,1.000648191E1
2.851866429E1,-7.964394207E0,2.743766769E0,-9.579861778E-1,8.478063970E0
2.852861029E1,-7.530185820E0,9.536048591E-2,-2.762448623E0,8.021465857E0
2.853855629E1,-6.579763600E0,-1.263209665E0,-4.562820940E0,8.106067026E0
2.854850329E1,-4.896666548E0,-1.028962605E0,-5.832131006E0,7.684390633E0
2.855844929E1,-2.940124456E0,1.163840913E0,-5.493153296E0,6.338264007E0
2.856839529E1,-2.471707519E0,3.929717174E0,-3.926531610E0,6.080268548E0
2.857834229E1,-3.215828276E0,5.572235718E0,-1.997814371E0,6.736662724E0
2.858828829E1,-4.303917925E0,6.263851987E0,-1.731962818E-1,7.601943710E0
2.859823429E1,-4.758378729E0,6.774586394E0,9.413590354E-1,8.332067316E0
2.860818129E1,-4.922457447E0,7.330775301E0,1.113163095E0,8.899999208E0
2.861812729E1,-5.621713103E0,7.760769600E0,3.093633163E-1,9.587956438E0
2.862807329E1,-6.320741887E0,8.004083937E0,-1.112627490E0,1.025938973E1
2.863802029E1,-7.011762909E0,7.925759899E0,-2.220695614E0,1.081267673E1
2.864796629E1,-8.202309811E0,7.789619762E0,-2.683547464E0,1.162572532E1
2.865791229E1,-9.749076691E0,7.807122232E0,-2.761072188E0,1.279137106E1
2.866785929E1,-1.096855211E1,8.049378809E0,-2.822388138E0,1.389487349E1
2.867780529E1,-1.175778004E1,8.424599900E0,-3.003557391E0,1.477296964E1
2.868775129E1,-1.215991879E1,8.689071802E0,-3.279607365E0,1.530096135E1
2.869769729E1,-1.237254109E1,8.746996075E0,-3.563293219E0,1.556556366E1
2.870764429E1,-1.228538600E1,8.816928189E0,-3.494144339E0,1.552024409E1
2.871759079E1,-1.130099087E1,9.074609721E0,-3.205323460E0,1.484368670E1
2.872753679E1,-8.538627037E0,8.915246782E0,-3.370402345E0,1.279646001E1
2.873748379E1,-4.285997379E0,8.337246006E0,-1.846355991E0,9.554500246E0
2.874742979E1,1.557557332E0,5.173010638E0,8.445638766E0,1.002570886E1
2.875737579E1,1.145873238E1,-4.781340744E0,1.487806481E1,1.937835338E1
2.876732279E1,2.124126918E1,-1.542233534E1,8.836721599E-1,2.626444022E1
2.877726879E1,1.465463802E1,-1.940386352E1,-6.722991148E-1,2.432530208E1
2.878721479E1,2.054444012E1,-2.651352344E1,8.716127454E0,3.465561748E1
2.879716179E1,2.595814788E1,-2.708844741E1,1.482992585E1,4.034273324E1
2.880710779E1,2.456664621E1,-2.417389341E1,1.442818706E1,3.736401759E1
2.881705379E1,2.473525418E1,-2.136577979E1,1.188322270E1,3.477844630E1
2.882700079E1,2.083792356E1,-1.120499363E1,1.358533197E1,2.728245197E1
2.883694679E1,1.390278082E1,4.286160809E0,-9.289419467E0,1.726128045E1
2.884689279E1,3.142272057E0,1.115147055E1,-2.976709900E1,3.194228157E1
2.885683979E1,-6.639377133E0,9.620327434E-1,-7.813566449E0,1.029847835E1
2.886678579E1,-8.762592938E0,-8.022068219E0,-3.500979441E0,1.238521177E1
2.887673179E1,-4.531655865E0,-1.399608484E1,-4.061294729E0,1.526173026E1
2.888667779E1,2.037805526E0,-1.281904968E1,-1.965015292E0,1.312790810E1
2.889662479E1,4.494393314E0,-1.072636628E1,-3.960927272E-1,1.163664016E1
2.890657079E1,4.146720210E0,-9.103968590E0,3.413363593E0,1.057017425E1
2.891651679E1,2.810422688E0,-6.041261351E0,8.435320185E0,1.074941585E1
2.892646379E1,4.566500008E0,6.156241000E-2,1.040968576E1,1.136742143E1
2.893640979E1,6.575933674E0,5.751231269E0,9.900652893E0,1.320388172E1
2.894635579E1,8.781335018E0,1.006515378E1,6.686488734E0,1.493747960E1
2.895630279E1,8.296151190E0,9.495695202E0,2.861432043E0,1.292989347E1
2.896624879E1,1.752060283E0,2.686906397E0,-7.309107274E-1,3.289895395E0
2.897619479E1,-4.575750303E0,-6.947401437E-1,-1.283461497E0,4.802856246E0
2.898614179E1,-8.346585764E0,5.700450540E-2,-1.886329311E0,8.557276535E0
2.899608779E1,-9.056785653E0,1.496900656E0,-2.004639534E0,9.395991571E0
2.900603379E1,-6.890455404E0,3.090031278E0,-1.442495238E0,7.688137712E0
2.901598079E1,-5.747921745E0,4.017788228E0,-1.323399734E0,7.136708869E0
2.902592679E1,-3.728274747E0,3.240944991E0,-1.908548731E0,5.295877196E0
2.903587279E1,-1.048598725E0,2.383009350E0,-1.841442575E0,3.188918878E0
2.904581979E1,6.744424117E-1,2.334232462E0,-3.987116951E-1,2.462211358E0
2.905576579E1,2.231447766E0,1.531577860E0,1.952581773E0,3.337314108E0
2.906571179E1,3.341849222E0,1.073220180E0,3.823847487E0,5.190526696E0
2.907565879E1,4.270554882E0,7.940475002E-1,3.705550713E0,5.709575862E0
2.908560479E1,4.658460923E0,-1.980150810E-1,2.159196646E0,5.138345872E0
2.909555079E1,3.666324082E0,-2.075502817E0,4.429078746E-1,4.236249710E0
2.910549779E1,1.556214226E0,-2.828054090E0,-4.651980454E-1,3.261303708E0
2.911544379E1,-5.192380124E-1,-1.275339422E0,-4.067714971E-1,1.435813987E0
2.912538979E1,-1.842512616E0,7.474291116E-1,-3.902303088E-1,2.026273109E0
2.913533679E1,-2.834592739E0,1.776024804E0,-3.577016634E-1,3.364094318E0
2.914528279E1,-3.429683756E0,2.694121276E0,-1.004978496E-1,4.362467185E0
2.915522879E1,-3.179634596E0,3.262690786E0,3.697153527E-1,4.570767634E0
2.916517479E1,-1.903173970E0,3.127447611E0,8.755492079E-1,3.764251072E0
2.917512179E1,-2.987126130E-1,2.958063129E0,1.119694435E0,3.176961178E0
2.918506779E1,8.552295488E-1,2.457027791E0,1.025792829E0,2.796543237E0
2.919501379E1,9.650759268E-1,2.376532097E0,7.169434834E-1,2.663322044E0
2.920496079E1,5.968691558E-1,1.827786696E0,5.853220743E-1,2.009890277E0
2.921490679E1,-3.347601128E-1,1.238750470E0,6.922559541E-1,1.458007327E0
2.922485279E1,-8.020076072E-1,5.945928347E-1,1.060722342E0,1.456670425E0
2.923479979E1,-1.158750912E0,6.224501395E-1,1.549740189E0,2.032693412E0
2.924474579E1,-1.086062420E0,7.815391365E-1,1.565424176E0,2.059341607E0
2.925469179E1,-8.032454628E-1,6.253322321E-1,1.044378204E0,1.458413353E0
2.926463879E1,-4.754248255E-1,4.879323122E-1,5.071307677E-1,8.492869489E-1
2.927458479E1,5.878615201E-2,4.384134123E-1,1.740645933E-1,4.753531470E-1
2.928453079E1,5.519771576E-1,7.081176960E-1,3.227060777E-1,9.540695292E-1
2.929447779E1,7.922749168E-1,5.588824269E-1,5.965779644E-1,1.138399920E0
2.930442379E1,6.075847632E-1,4.580068472E-1,8.668280858E-1,1.153395182E0
2.931436979E1,4.997486579E-1,2.454725450E-1,1.336847745E0,1.448160000E0
2.932431679E1,4.162287837E-1,1.516326275E-1,1.131967156E0,1.215560980E0
2.933426279E1,2.009337187E-1,-3.470088601E-1,6.450297475E-1,7.595083169E-1
2.934420879E1,1.527210867E-1,-5.413866806E-1,4.742968976E-1,7.357858489E-1
2.935415579E1,1.915197015E-1,-7.524039227E-1,3.743153572E-1,8.619184680E-1
2.936410179E1,3.010281104E-1,-8.737213683E-1,4.225548863E-1,1.016149391E0
2.937404779E1,5.311809504E-1,-8.793133530E-1,4.736595511E-1,1.131237617E0
2.938399479E1,6.522206533E-1,-7.419759983E-1,4.422436309E-1,1.082358347E0
2.939394079E1,7.553094041E-1,-4.905296454E-1,3.846953344E-1,9.793375972E-1
2.940388679E1,6.979727769E-1,-2.967216361E-1,3.129570150E-1,8.204582987E-1
2.941383379E1,5.999108773E-1,-2.588375258E-1,2.187419987E-1,6.890123276E-1
2.942377979E1,5.554620981E-1,-3.717066219E-1,1.452085841E-1,6.839513785E-1
2.943372579E1,6.010206789E-1,-4.623305708E-1,9.933951616E-2,7.647507781E-1
2.944367279E1,6.311431950E-1,-5.524282703E-1,7.897600293E-2,8.424701392E-1
2.945361879E1,5.571589601E-1,-5.537313223E-1,2.424314082E-2,7.858958035E-1
2.946356479E1,4.883389860E-1,-4.387236071E-1,1.045540631E-2,6.565536415E-1
2.947351179E1,3.634792972E-1,-3.194114640E-1,5.429724455E-2,4.869179331E-1
2.948345779E1,2.579709685E-1,-2.255165827E-1,1.326470107E-1,3.674261546E-1
2.949340379E1,1.748919743E-1,-2.553329971E-1,1.343707699E-1,3.373983490E-1
2.950334979E1,1.901461905E-1,-3.398015821E-1,3.814665020E-2,3.912490970E-1
2.951329679E1,2.625013912E-1,-3.704024005E-1,-3.298472822E-2,4.551844801E-1
2.952324279E1,2.643321544E-1,-3.468822679E-1,-2.079035997E-2,4.366131408E-1
2.953318879E1,1.768624860E-1,-2.569441974E-1,5.375813127E-2,3.165289816E-1
2.954313579E1,3.930966139E-2,-1.003475761E-1,7.050981939E-2,1.287886647E-1
2.955308179E1,-6.045143902E-2,3.493477464E-2,1.351858717E-1,1.521513551E-1
2.956302779E1,-1.016520900E-1,1.631563202E-1,1.985568255E-1,2.763656005E-1
2.957297479E1,-4.794249058E-2,2.163408396E-1,2.460923499E-1,3.311544744E-1
2.958292079E1,1.033138686E-1,2.003036812E-1,2.588632536E-1,3.432280644E-1
2.959286679E1,2.548625886E-1,1.195393074E-1,2.364882982E-1,3.676564977E-1
2.960281379E1,3.262863278E-1,9.377121270E-2,2.912158978E-1,4.472834752E-1
2.961275979E1,2.676095188E-1,1.542729378E-1,4.406549424E-1,5.381373172E-1
2.962270579E1,2.971163231E-1,1.585191858E-1,5.306342357E-1,6.284736541E-1
2.963265279E1,3.539863425E-1,8.368651986E-2,6.450496280E-1,7.405395242E-1
2.964259879E1,1.692184210E-1,1.927631119E-1,7.253769225E-1,7.693920788E-1
2.965254479E1,2.993745178E-1,6.429218262E-2,7.699958557E-1,8.286447999E-1
2.966249179E1,4.918344516E-1,-1.115151733E-1,7.686890030E-1,9.193582245E-1
2.967243779E1,5.096000469E-1,-1.989330938E-1,7.868147868E-1,9.583027143E-1
2.968238379E1,6.103060573E-1,-1.551798409E-1,9.471325761E-1,1.137371700E0
2.969233079E1,4.657663947E-1,-3.900893909E-1,9.782567203E-1,1.151561669E0
2.970227679E1,3.520310336E-1,-1.531701529E-1,1.188095748E0,1.248582577E0
2.971222192E1,3.290444595E-1,-4.224361879E-1,1.231306672E0,1.342698294E0
2.972216892E1,5.217341888E-1,-5.157747066E-1,1.292084386E0,1.485837196E0
2.973211492E1,5.002485949E-1,-5.752967307E-1,1.176244612E0,1.401701242E0
2.974206092E1,4.891704601E-1,-3.758479124E-1,1.104202822E0,1.264837248E0
2.975200792E1,4.847628289E-1,-1.809593377E-1,1.102534027E0,1.217917305E0
2.976195392E1,5.296232522E-1,-1.062611577E-1,1.103984136E0,1.229053781E0
2.977189992E1,6.412407517E-1,-1.843773276E-1,1.179512036E0,1.355150672E0
2.978184692E1,6.933967459E-1,-1.990567625E-1,1.215751909E0,1.413674413E0
2.979179292E1,6.542174774E-1,-5.708782822E-2,1.173665990E0,1.344898280E0
2.980173892E1,5.461597627E-1,2.596719235E-2,1.064988470E0,1.197148789E0
2.981168592E1,4.183712035E-1,2.685336712E-1,8.592869318E-1,9.927330092E-1
2.982163192E1,3.313523555E-1,3.308287373E-1,6.631146008E-1,8.117653668E-1
2.983157792E1,2.734532261E-1,4.196385875E-1,4.987306577E-1,7.068277583E-1
2.984152392E1,2.083058882E-1,4.943168870E-1,3.901613116E-1,6.632996132E-1
2.985147092E1,1.113929665E-1,4.634824723E-1,3.306752479E-1,5.801469768E-1
2.986141692E1,2.554648519E-3,5.164787114E-1,3.334930211E-1,6.147962107E-1
2.987136292E1,-1.864934349E-1,7.882897469E-1,4.169170010E-1,9.110435292E-1
2.988130992E1,-4.109393924E-1,1.124958976E0,5.333116758E-1,1.311039749E0
2.989125592E1,-6.776653969E-1,1.418324895E0,5.301676279E-1,1.658901326E0
2.990120192E1,-9.090613550E-1,1.611243542E0,4.797453332E-1,1.911191745E0
2.991114892E1,-9.780011970E-1,1.915195845E0,4.581375325E-1,2.198715868E0
2.992109492E1,-1.012714362E0,2.297327176E0,4.347089088E-1,2.547994185E0
2.993104092E1,-1.079724623E0,2.539256893E0,3.068788344E-1,2.776293473E0
2.994098792E1,-1.012374054E0,2.899621963E0,1.176038790E-1,3.073522316E0
2.995093392E1,-1.005491297E0,3.238314913E0,-1.901187086E-1,3.396150960E0
2.996087992E1,-1.226690880E0,3.431315714E0,-4.371203005E-1,3.670118827E0
2.997082692E1,-1.394663844E0,3.846175080E0,-5.496639991E-1,4.127987463E0
2.998077292E1,-1.630986081E0,4.227787178E0,-6.640554178E-1,4.579876594E0
2.999071892E1,-1.889038326E0,4.511874735E0,-5.785480750E-1,4.925464170E0
3.000066592E1,-2.168718837E0,4.962355338E0,-4.228677124E-1,5.432046484E0
3.001061192E1,-2.452267866E0,5.297881436E0,-2.316087967E-1,5.842500153E0